-7.930775504690428e-16,1.2585896301272015e-12
-4.976216534587655e-16,9.21939937644221e-12
0.0018914043207435562,-1.7694168605767006e-05
0.003811676930613552,-7.881056437824303e-05
0.005730242966525701,-0.00018089892088158795
0.0076457463111534755,-0.00032961380691297175
0.009557031125806505,-0.0005244518352634208
0.011463247853430317,-0.0007630055078493928
0.013363487772474899,-0.0010443085690063061
0.015256866516287328,-0.0013679134498814224
0.01714248639702698,-0.001733571577490489
0.019019451107398663,-0.002141536471740699
0.020886676309246042,-0.002591723402605354
0.022743214515192595,-0.0030839088343295198
0.024588139420608557,-0.003617818870594171
0.026420540823994178,-0.004193130977183049
0.02823952623448867,-0.004809483957000389
0.030044220532645508,-0.00546649383327308
0.03183373967350487,-0.006163770147991046
0.03360719992780702,-0.006900928788912636
0.035363706520490965,-0.007677610027298095
0.03710232384768748,-0.008493546163856282
0.038822152641532055,-0.0093483754806271
0.04052231310098999,-0.010241684984796424
0.042201941759136594,-0.011173027449258922
0.043860193861284216,-0.012141921106091049
0.04549624370636226,-0.0131478529930865
0.04710928283365891,-0.014190285137075223
0.0486985164876378,-0.015268662098515089
0.0502631592668765,-0.016382418112163823
0.051802431128894974,-0.01753098220007237
0.05331555489933683,-0.018713780161730316
0.05480175435855986,-0.019930234745632155
0.05626024834930794,-0.021179772172250345
0.05769027795840166,-0.02246178791999596
0.05909110567697926,-0.023775649559638935
0.06046201760609252,-0.025120697380085186
0.061802325949665525,-0.02649624434732631
0.06311136887174196,-0.027901578830780063
0.06438850772251858,-0.02933596942211915
0.06563312229400634,-0.03079867069674293
0.06684460528281343,-0.03228892858895006
0.06802235737896964,-0.03380598420145029
0.06916578429532912,-0.03534907529954019
0.07027429662196133,-0.036917431423510644
0.07134730867992166,-0.03851027165074866
0.07238424754878622,-0.040126815907950045
0.07338456640038174,-0.04176626331771219
0.07434774598367226,-0.043427793528850525
0.07527329850280018,-0.04511056645225413
0.07616076850990626,-0.046813723972665054
0.07700973057416999,-0.04853639328443437
0.07781978427106859,-0.05027769108857592
0.07859054770386789,-0.05203672772200784
0.07932165115557768,-0.0538126103719957
0.08001273247316373,-0.05560444482628494
0.08066343539853763,-0.05741133563807394
0.08127341137081852,-0.05923238503414359
0.08184232449658137,-0.06106669125886841
0.08236985862187356,-0.06291334725918704
0.08285572495555091,-0.06477143104967649
0.08329966722325098,-0.06663997809581149
0.08370146392561102,-0.06851803949470872
0.08406092934490321,-0.07040466141305878
0.0843779098546999,-0.07229888496112638
0.08465227752821051,-0.07419974862125012
0.08488392266333634,-0.07610629007862445
0.08507274702884708,-0.07801754713266576
0.085218659473882,-0.07993255765946607
0.08532157498219076,-0.08185035887948149
0.08538141698907362,-0.08376998633735491
0.08539812068046662,-0.08569047330432479
0.08537166774084683,-0.08761085042371113
0.08530200833677624,-0.08953014665988929
0.08518919067517186,-0.0914473907489432
0.08503327912072153,-0.09336161303295444
0.08483437343531766,-0.09527184713421709
0.08459260361930726,-0.09717713105053953
0.08430812270755719,-0.09907650741179935
0.08398109924580983,-0.10096902289848472
0.08361171123487968,-0.1028537270986999
0.08320014296483254,-0.10472967128400482
0.08274658545682033,-0.10659590765161309
0.0822512403582327,-0.10845148948343022
0.08171432630873471,-0.1102954724310428
0.08113608620980312,-0.11212691681354146
0.08051679362722898,-0.11394489050192165
0.07985675677985855,-0.11574847175101306
0.07915631916027083,-0.11753675129481202
0.07841585664741615,-0.11930883316774278
0.07763577180867194,-0.12106383402441397
0.07681648674742513,-0.12280088112785725
0.07595843617601794,-0.12451910955606547
0.07506206230956769,-0.12621765943300925
0.07412781271026635,-0.12789567404539293
0.0731561414829564,-0.12955229953253636
0.07214751141800202,-0.13118668510155984
0.07110240176062489,-0.13279798774501156
0.07002131846764566,-0.1343853787295274
0.06890479602354442,-0.13594804654917178
0.06775339948070182,-0.1374852002753382
0.06656772342665,-0.13899607102944656
0.06534838814113571,-0.1404799111980206
0.06409603387105181,-0.14193599155937672
0.06281131457168833,-0.1433635970308577
0.06149489254652022,-0.14476202213062309
0.060147435154114276,-0.14613056737258
0.05876961421373846,-0.1474685376337896
0.057362108069769345,-0.14877524308309245
0.05592560563679665,-0.1500500026409878
0.054460811296324504,-0.1512921493042385
0.05296844935498157,-0.15250103617471372
0.05144926693154209,-0.15367604181011646
0.049904034565625546,-0.15481657362930842
0.048333548568781186,-0.15592206854035662
0.046738627594595454,-0.1569919903032296
0.045120092617976004,-0.15802582482507427
0.04347877365731446,-0.15902307445978203
0.041815505843269235,-0.15998325222864326
0.04013112739726119,-0.16090587777758142
0.038426479715868794,-0.1617904761630111
0.036702409073233556,-0.16263657944536375
0.034959768389130126,-0.16344372920987932
0.033199423366698885,-0.1642114897441627
0.031422253836218564,-0.16493945309446356
0.02962915385297936,-0.16562724363295792
0.02782103052035558,-0.16627452049945823
0.02599880125287168,-0.1668809766384599
0.02416338996779235,-0.16744633467424394
0.022315722800484463,-0.1679703406506565
0.020456735940022713,-0.16845275724453784
0.018587396793756795,-0.16889335664718677
0.016708646075556024,-0.16929191646192931
0.014821426200638484,-0.1696482209096966
0.012926682918933124,-0.16996206433060512
0.011025366747646582,-0.17023325739795686
0.009118433872934789,-0.17046163460329575
0.007206846175677009,-0.17064706124319712
0.0052915703190749615,-0.17078943824307022
0.0033735761194746863,-0.17088870366083292
0.001453834624607358,-0.17094483050326922
-0.00046668361093443235,-0.17095782137054347
-0.002387009613528344,-0.17092772003918916
-0.004306176434159249,-0.17085452776407486
-0.006223218570799459,-0.17073831217695842
-0.00813717120173322,-0.1705791278328064
-0.01004706941231607,-0.17037703646853125
-0.011951947923753507,-0.17013211133103276
-0.013850841629041112,-0.16984444388597308
-0.01574278699598765,-0.1695141512950527
-0.017626824117672836,-0.169141382864751
-0.019501998963562753,-0.16872632391958758
-0.02136736528105577,-0.16826919617441932
-0.02322198565531845,-0.16777025452083583
-0.02506493144708576,-0.16722978099808766
-0.026895281640112807,-0.16664807738287593
-0.02871212095662921,-0.16602545814614306
-0.030514537846500454,-0.1653622454161718
-0.032301623047574696,-0.16465876708594768
-0.03407246931430067,-0.16391535843410024
-0.03582617238175997,-0.16313236628072078
-0.03756183387133479,-0.16231015593831144
-0.03927856523817048,-0.16144911890072947
-0.040975491284060465,-0.160549677334488
-0.042651753203055545,-0.15961228652419365
-0.044306510163855214,-0.15863743400083255
-0.04593893901566091,-0.15762563557563952
-0.04754823216805248,-0.1565774292346706
-0.049133594176552796,-0.155493368336394
-0.05069423793604114,-0.1543740156848385
-0.05222938154051454,-0.15321993980042564
-0.05373824675755092,-0.1520317141485283
-0.05522005970386832,-0.15080991935552585
-0.056674053775753394,-0.1495551477247751
-0.058099474314445905,-0.14826800883358993
-0.05949558401798111,-0.146949134770112
-0.06086166787216997,-0.1455991837003039
-0.06219703643501298,-0.14421884089794512
-0.06350102666768322,-0.14280881700743894
-0.06477300008282467,-0.14136984397955174
-0.06601233864010132,-0.1399026696599288
-0.06721843939632802,-0.13840805229281314
-0.0683907092645458,-0.13688675616850554
-0.06952856125769137,-0.1353395493126516
-0.07063141325452395,-0.13376720993758462
-0.07169868899287195,-0.13217052216613215
-0.07272982044542843,-0.130550269255177
-0.07372426046150019,-0.12890725120207877
-0.07468148751366624,-0.12724228654523903
-0.07560101011749067,-0.12555621305623044
-0.07648236930191868,-0.12384988702242662
-0.07732513786636347,-0.12212418069549891
-0.0781289165828528,-0.12037997849418465
-0.07889332825179969,-0.1186181728200644
-0.07961801106466146,-0.11683966037800915
-0.08030261292783787,-0.11504533969215806
-0.08094678820373025,-0.11323611013410087
-0.08155019776874463,-0.11141287233088491
-0.08211251250520112,-0.10957652940369049
-0.08263341952490956,-0.10772798818559745
-0.08311262977923706,-0.10586817422598861
-0.08354988368012174,-0.10399805103854291
-0.08394495534766087,-0.10211856379221976
-0.08429765536637294,-0.10023066570676367
-0.08460782870765263,-0.09833531581282082
-0.08487534950815076,-0.09643347651397229
-0.08510011395005036,-0.09452611151884811
-0.08528203295522524,-0.0926141845592878
-0.08542102646077927,-0.09069865904892092
-0.08551702067178506,-0.0887804985451449
-0.08556994897549666,-0.08686066764208951
-0.0855797563208645,-0.08494013280995075
-0.08554644257663127,-0.08301986277374512
-0.0854699229472732,-0.08110082796924266
-0.08535025569869119,-0.07918399953226121
-0.08518749858435845,-0.07727034751219483
-0.08498174643373091,-0.07536083904395129
-0.08473312797085614,-0.07345643688821765
-0.08444179971489006,-0.0715580987226826
-0.08410793842550422,-0.06966677733447169
-0.08373173389197976,-0.06778342157930076
-0.08331338376868874,-0.06590897771454096
-0.08285309165565201,-0.06404439056057343
-0.08235106883436466,-0.06219060394905972
-0.08180753909916927,-0.060348560116838576
-0.08122274571335154,-0.05851919787053733
-0.08059695871939307,-0.05670344984529785
-0.07993048047092835,-0.05490223947540599
-0.07922364844356039,-0.05311647829410161
-0.078476834535708,-0.0513470642557169
-0.07769044103673692,-0.049594881520008786
-0.07686489423059721,-0.047860801771279285
-0.0760006371501254,-0.046145686729916854
-0.0750981231720231,-0.04445039116296965
-0.07415781190892232,-0.04277576551314915
-0.07318016827586762,-0.04112265730314407
-0.07216566482991756,-0.03949191073813767
-0.07111478669531181,-0.037884364366528096
-0.07002803778260885,-0.03630084716040914
-0.06890594672994861,-0.03474217381388576
-0.06774907109821719,-0.03320914031056911
-0.06655799880545978,-0.03170252080613465
-0.06533334647146413,-0.030223066595930742
-0.06407575508943622,-0.028771507448873714
-0.0627858840662679,-0.02734855500278372
-0.061464405028515245,-0.025954907379210822
-0.06011199679966538,-0.02459125382771469
-0.058729342623711385,-0.023258278147746808
-0.057317130131102685,-0.02195665988859102
-0.05587605359099093,-0.020687073244175205
-0.05440681631882437,-0.019450185066187446
-0.052910140415695445,-0.0182466436370136
-0.051386769378798575,-0.017077074154533963
-0.049837469550788466,-0.01594207443725038
-0.048263036473237625,-0.014842212435303285
-0.046664284610509546,-0.013778027040382617
-0.04504203667621452,-0.012750031252367722
-0.043397127037959456,-0.01175871742784043
-0.04173039707000232,-0.010804563500153925
-0.04004269197973349,-0.00988803837829574
-0.03833485961218403,-0.009009605127108612
-0.03660775123976129,-0.00816972103822879
-0.034862223864209924,-0.007368834439824221
-0.033099143215103426,-0.006607378886640209
-0.031319386502559395,-0.005885766025156342
-0.02952384408973742,-0.005204378777726567
-0.027713419549168325,-0.004563566442476531
-0.025889027962524753,-0.003963642865994506
-0.02405159269601241,-0.0034048881127538414
-0.02220204111328476,-0.0028875532005663497
-0.020341320156987537,-0.0024118667640671155
-0.018470396237789156,-0.0019780436319659675
-0.016590213715413096,-0.001586290653090471
-0.014701717898436958,-0.0012368086201670053
-0.012805856044060393,-0.00092979154096911
-0.010903578562221664,-0.0006654248344061778
-0.008995840338541533,-0.0004438762825417305
-0.007083602279171561,-0.00026528392352036625
-0.005167830186701773,-0.00012975275182441724
-0.003249493472422903,-3.7350996748434996e-05
-0.0013295633545069316,1.1890010634471766e-05
0.000590988994278615,1.7972343757375057e-05
0.0025111938486918344,-1.9038362275173185e-05
0.004430083757199251,-9.91673711801006e-05
0.006346693267317267,-0.00022231724497723626
0.008260058293031322,-0.00038841999623386475
0.010169215221279547,-0.0005974015459845654
0.012073200308020952,-0.0008491794945192278
0.0139710497679483,-0.0011436577478552052
0.015861800763821574,-0.0014807192975834443
0.01774449322226428,-0.0018602188956585192
0.01961817213024403,-0.0022819773868424657
0.021481889783034815,-0.002745779058040196
0.023334707419995934,-0.0032513726358356205
0.025175695818131928,-0.0037984756889481185
0.02700393468606308,-0.0043867813830407954
0.02881851104140077,-0.005015965985824702
0.03061851706798349,-0.005685695360826196
0.032403048144258685,-0.006395628953238259
0.03417120174702305,-0.0071454203925175016
0.03592207747931792,-0.007934715104104236
0.037654777769905994,-0.008763147561750659
0.03936841426228343,-0.009630327357936001
0.041062110764375624,-0.010535835129419285
0.042735006529634884,-0.011479219527780655
0.044386258664473204,-0.012459996419561869
0.04601504277584812,-0.013477651354703489
0.0476205516728237,-0.014531644699912909
0.049201992432096796,-0.015621418213055257
0.05075858258228494,-0.016746401521771443
0.052289546435348416,-0.017906017032984507
0.053794112615214155,-0.019099682215908572
0.05527151358481087,-0.02032680886061789
0.05672098750401202,-0.021586799651276932
0.05814178217294233,-0.0228790430271992
0.05953316027169459,-0.024202907685655747
0.060894404739714976,-0.02555773812338737
0.06222482304712175,-0.026942852318977764
0.06352374933039316,-0.02835754210760624
0.06479054385318711,-0.029801076135173587
0.06602458989698093,-0.03127270466581085
0.0672252888293356,-0.03277166510257117
0.06839205457780946,-0.03429718695908049
0.06952430892842987,-0.03584849520887019
0.07062147887619447,-0.037424803082866526
0.07168299650229391,-0.03902532329379002
0.07270830248922384,-0.04064926734329568
0.07369685185945418,-0.04229583455871218
0.07464812065086224,-0.04396420862025249
0.07556161218400434,-0.045653555193549605
0.0764368614389189,-0.04736302134484796
0.07727343648397232,-0.049091736924481
0.07807093659396462,-0.05083881760298518
0.07882898749479518,-0.05260336885800148
0.07954723488326054,-0.05438449002935344
0.08022533781646045,-0.0561812776198645
0.08086296363146618,-0.0579928272956055
0.08145978571970575,-0.0598182344561044
0.08201548481840444,-0.06165659370144196
0.08252975359995857,-0.06350699793808244
0.08300230367355306,-0.06536851502344457
0.08343287162124755,-0.06724018841306259
0.0838212253383958,-0.06912107470012248
0.08416716878641617,-0.07101022198685297
0.08447054230163209,-0.07290667168223897
0.08473121931123033,-0.07480946082034208
0.08494910023262231,-0.07671762432845085
0.08512410501576173,-0.07863019673526804
0.08525616612353719,-0.08054621301289003
0.08534522364907096,-0.08246470852752509
0.08539122376112193,-0.08438471834798202
0.08539412653595092,-0.08630527634523515
0.08535392172415612,-0.08822541454287938
0.08527053675446437,-0.09014416324095445
0.08514402193144315,-0.09206055167963775
0.0849744282739003,-0.09397360962412511
0.08476184403934053,-0.09588236924063695
0.08450639391538665,-0.09778586684997614
0.08420823468233281,-0.09968314409314294
0.08386754839105996,-0.10157324821474097
0.08348453468457344,-0.1034552314369042
0.08305940408341804,-0.10532814968697048
0.08259237380962256,-0.10719106116970042
0.08208366710179966,-0.1090430253679984
0.08153351567236564,-0.1108831027790874
0.08094216270680003,-0.11271035529926776
0.08030987722462724,-0.11452385063345719
0.0796369586181293,-0.11632266472068135
0.07892374012515237,-0.1181058845994783
0.07817058991602027,-0.1198726106869757
0.07737790869244168,-0.12162195773752457
0.07654612438143661,-0.12335305421833061
0.07567568518939284,-0.12506504025126208
0.07476705264900463,-0.126757064670638
0.07382069626156322,-0.12842828202621867
0.07283709092265926,-0.13007785043570283
0.07181671762762455,-0.13170493102911165
0.07076006715641521,-0.13330868935748383
0.06966764573061933,-0.13488829864665283
0.06853998118643966,-0.13644294428710912
0.06737762811895066,-0.13797182859208068
0.06618117073746263,-0.13947417472833837
0.06495122275165655,-0.1409492288724756
0.06368842433564247,-0.1423962600449652
0.06239343691244547,-0.14381455763467446
0.0610669369973807,-0.14520342721128246
0.05970961052133506,-0.1465621856833088
0.05832214888928236,-0.1478901570722123
0.056905247566303094,-0.1491866700736752
0.055459607345154295,-0.15045105817815307
0.05398593645133655,-0.15168266073755118
0.05248495633573954,-0.15288082977362732
0.05095740910599323,-0.1540449391329198
0.04940405849390562,-0.1551743880481604
0.04782569972645366,-0.15626860492081954
0.04622314279099494,-0.1573270480103484
0.044597210724760805,-0.1583492038017287
0.042948740297163154,-0.1593345825597437
0.04127857712987143,-0.16028271228194477
0.0395875718373838,-0.1611931326839226
0.0378765778888445,-0.1620653907427513
0.03614645144435736,-0.16289903898261357
0.0343980529247997,-0.16369363704499573
0.03263224966082476,-0.16444875629592312
0.030849918733783923,-0.1651639864764903
0.02905194911553186,-0.16583894288540288
0.027239242420057805,-0.16647327242544768
0.02541271192553035,-0.16706665709546226
0.023573279899467132,-0.16761881411280827
0.021721873536319426,-0.16812949266969537
0.019859449740721895,-0.16859846799281702
0.017986971273185354,-0.16902553241897242
0.01610538518560798,-0.1694104892729133
0.01421563920626302,-0.1697531490597714
0.012318682330577774,-0.17005332832632652
0.010415466051625816,-0.17031085166120538
0.00850694522152984,-0.1705255543781728
0.006594080007541436,-0.17069729767495015
0.004677835556478921,-0.17082597367052965
0.0027591808246598395,-0.1709115097450483
0.0008390869647602853,-0.17095387053282388
-0.0010814745218565716,-0.1709530618673511
-0.0030015334019228555,-0.1709091252088706
-0.004920121759509804,-0.1708220749840974
-0.006836274057302164,-0.1706920031001943
-0.008749026670670217,-0.17051898853408995
-0.010657416998315352,-0.1703031167316134
-0.012560482667142492,-0.17004447996404387
-0.014457261288828802,-0.16974318119057075
-0.016346791076615044,-0.16939934048623875
-0.018228112372882174,-0.1690131024781058
-0.020100269848972046,-0.16858464299450382
-0.021962314904416923,-0.16811417332801132
-0.023813307686198597,-0.16760194109185098
-0.025652318209064075,-0.16704822746948783
-0.027478426278015753,-0.1664533415186869
-0.029290720239607593,-0.1658176128862642
-0.03108829493187116,-0.1651413846522852
-0.03287024946618254,-0.16442500796852144
-0.0346356855781485,-0.16366883970297647
-0.036383707188677596,-0.1628732435642556
-0.038113420391449125,-0.1620385922316809
-0.039823937314919323,-0.1611652755153363
-0.041514381486157347,-0.1602537111659348
-0.04318389057803749,-0.15930434700258755
-0.04483161952889566,-0.1583176633010906
-0.04645674212380552,-0.1572941719488299
-0.04805845063022047,-0.1562344125808983
-0.04963595355610557,-0.1551389466283608
-0.051188472090407715,-0.1540083506837576
-0.05271523615987233,-0.1528432107145087
-0.0542154811887633,-0.15164411840961978
-0.05568844652794224,-0.1504116703970848
-0.05713337614437225,-0.14914647035905618
-0.05854952161587415,-0.14784913337566322
-0.059936146891641444,-0.14652029131447433
-0.06129253380493273,-0.14516059786970825
-0.06261798708615599,-0.143770731985555
-0.06391183769219184,-0.1423513988289558
-0.06517344363634925,-0.14090332809453643
-0.06640218809172825,-0.1394272700716268
-0.06759747520925563,-0.13792399042183467
-0.0687587246749174,-0.13639426488408404
-0.06988536637918055,-0.1348388750864471
-0.07097683653423036,-0.13325861674271675
-0.07203257599887974,-0.13165428056353434
-0.07305203246050694,-0.1300266593223861
-0.0740346650411677,-0.1283765557049653
-0.07497995061064432,-0.1267047859171112
-0.07588739048253411,-0.12501218265501635
-0.07675651592816637,-0.12329959658947005
-0.07758689119281223,-0.12156789594404421
-0.07837811327700121,-0.11981796424638408
-0.07912980851845411,-0.1180506967749285
-0.07984162679176475,-0.11626699650197335
-0.08051323474192394,-0.11446777038540394
-0.08114430973383317,-0.11265392668140665
-0.0817345360624463,-0.11082637358993248
-0.08228360445500653,-0.10898601909128913
-0.08279121512847595,-0.10713377137915883
-0.08325708364676683,-0.10527057090684282
-0.08368094644072897,-0.10339736783094156
-0.08406256854167536,-0.1015151044974381
-0.08440174950060902,-0.09962473174162124
-0.08469832554463018,-0.09772720753240452
-0.08495216808952089,-0.09582349489234439
-0.0851631789528258,-0.09391455962023947
-0.0853312834076268,-0.0920013683571693
-0.08545642274346175,-0.09008488739401103
-0.08553854812771688,-0.08816608236737199
-0.08557761725485195,-0.08624591870885584
-0.08557360025909086,-0.0843253624963009
-0.0855264771362552,-0.0824053811896299
-0.08543621195459238,-0.08048694385991326
-0.08530283759483585,-0.07857102076603947
-0.0851264016181724,-0.07665858201878151
-0.08490698764806266,-0.07475059576706455
-0.08464471647680487,-0.07284802630822998
-0.08433974346196638,-0.07095183261470388
-0.08399225284270158,-0.06906296766084954
-0.08360245033477248,-0.06718237870154972
-0.08317055576352057,-0.065311008361152
-0.08269679747045083,-0.0634497961232289
-0.08218140978894355,-0.06159967964970382
-0.08162463413668063,-0.05976159535663728
-0.08102672122186885,-0.05793647867345637
-0.08038793961043321,-0.056125261310594844
-0.07970858704027345,-0.05432886739669046
-0.07898899298117211,-0.052548211011763456
-0.07822952140595182,-0.05078419341085591
-0.0774305701435317,-0.049037701348688595
-0.07659256697715926,-0.04730960693697568
-0.0757159634251591,-0.04560076908841205
-0.07480122767643893,-0.04391203617598442
-0.07384883832551493,-0.04224424918188876
-0.07285928032651512,-0.040598244427218405
-0.07183304402381636,-0.038974855021229896
-0.07077062736080922,-0.03737491044850413
-0.06967254060443376,-0.03579923416299801
-0.06853931233614556,-0.03424863957011543
-0.0673714951872388,-0.03272392521990698
-0.06616966989602814,-0.03122587028730279
-0.0649344467030782,-0.02975523140398509
-0.06366646376373698,-0.028312741621227107
-0.06236638297838394,-0.026899111783727638
-0.061034884243868506,-0.025515033999233494
-0.05967265947233836,-0.024161186345601878
-0.05828040773091467,-0.022838237607059445
-0.05685883253622498,-0.0215468507717632
-0.05540864177971654,-0.02028768428034441
-0.05393055010708825,-0.019061390537340846
-0.052425282990653486,-0.017868611862529877
-0.05089358135688381,-0.016709974704698156
-0.04933620616170809,-0.0155860834021062
-0.04775394950150057,-0.014497515034660732
-0.04614761573532384,-0.013444816751454387
-0.04451802642260035,-0.012428505349701208
-0.042866019454133084,-0.011449070222978232
-0.04119244419832969,-0.01050697866966501
-0.03949815701351423,-0.00960268219746824
-0.03778401802202882,-0.008736622255501324
-0.03605088969362924,-0.007909233924983435
-0.034299637312331877,-0.007120946562946568
-0.032531130917629485,-0.006372181147436287
-0.030746247919347543,-0.005663344959969301
-0.02894587581436781,-0.004994824015271487
-0.027130913656041075,-0.004366976147988327
-0.025302271959913948,-0.003780125707606369
-0.023460870837227206,-0.003234561138061856
-0.02160763640712446,-0.0027305360354304936
-0.019743535118940166,-0.0022682736487298536
-0.017869526054879566,-0.001847975592627506
-0.01598655926023552,-0.0014698279781660674
-0.014095585416285009,-0.0011340071805421468
-0.012197555838953352,-0.0008406832653743708
-0.01029342335727415,-0.0005900198402585484
-0.008384143588268778,-0.0003821703172135029
-0.006470676051634389,-0.00021727143942612242
-0.004553984658968879,-9.54355930997528e-05
-0.002635037333927837,-1.674372908657439e-05
-0.0007148048021153736,1.8759416203562518e-05
0.0012057411338183863,1.1076681503634552e-05
0.003125629458388531,-3.977522927683224e-05
0.005043891337636578,-0.00013374796476267012
0.00695956075151481,-0.00027075340942299
0.00887167440344536,-0.0004506984902846139
0.010779270967017076,-0.000673481481439775
0.012681390095569322,-0.0009389946909368988
0.014577071693286295,-0.0012471234260483014
0.016465355287832203,-0.0015977440879678482
0.018345281699589246,-0.0019907149322470766
0.020215895457399213,-0.0024258636471511177
0.02207624688693289,-0.002902984884322517
0.023925394510405505,-0.003421837175783199
0.025762406789560835,-0.003982143434748556
0.027586362762308157,-0.004583594916072484
0.02939635139968959,-0.005225857687641953
0.031191469865063836,-0.005908580076926963
0.032970821188072354,-0.006631399344855099
0.03473351207660389,-0.00739394604926596
0.03647865161351043,-0.008195845136703232
0.03820535140209156,-0.009036713600315
0.0399127273723085,-0.009916155367032886
0.04159990302435606,-0.010833754729517224
0.043266013481431956,-0.01178906996350416
0.04491020946051793,-0.012781628696796334
0.046531660227360216,-0.01381092614754809
0.048129554803709944,-0.014876426642076784
0.049703101102119916,-0.01597756803202032
0.05125152318056953,-0.01711376794963407
0.0527740573060288,-0.01828443043005961
0.0542699478617402,-0.019488951383000608
0.05573844422997102,-0.02072672171581047
0.057178799592816576,-0.02199712750906227
0.05859027177922679,-0.02329954768800145
0.059972124955703456,-0.024633351464379408
0.06132363981648544,-0.025997887456313647
0.06264411777880712,-0.02739248064860495
0.06393288509489015,-0.02881643051368721
0.0651892953839905,-0.03026901102811461
0.06641272944720494,-0.03174947324339935
0.06760259238329647,-0.03325704977368573
0.0687583086933989,-0.03479096013025829
0.06987931658594705,-0.03635041486848876
0.07096506281327788,-0.03793461018360519
0.07201499927334228,-0.03954274905152839
0.07302858322026282,-0.04117403279657262
0.07400528018118349,-0.042827655440345676
0.07494456934436693,-0.04450280024523225
0.07584595030478271,-0.04619863625634334
0.0767089496160532,-0.047914315844950206
0.07753312560608507,-0.04964897393875261
0.07831807030075279,-0.05140172916345209
0.07906340797929437,-0.05317168663760656
0.0797687906964464,-0.05495794178158787
0.08043389185367618,-0.056759584314165286
0.08105839940100061,-0.058575701657716105
0.08164201037564142,-0.06040538123849032
0.08218442819857265,-0.06224771158801761
0.0826853635212637,-0.0641017824039552
0.08314453828116469,-0.06596664384001162
0.08356169017779397,-0.06784135263295138
0.08393658143024103,-0.06972496771317307
0.08426900581208067,-0.07161653977709437
0.08455879296852836,-0.07351511203646656
0.0848058093056544,-0.0754197218948522
0.0850099552271877,-0.07732940311597311
0.08517115937057043,-0.07924318794175876
0.08528937121912535,-0.08116010867464281
0.08536455386432842,-0.08307919843461133
0.08539667866283432,-0.08499949107385746
0.08538575412824001,-0.08692002047554426
0.0853317081387015,-0.0888398197722633
0.08523455820183955,-0.09075792073410278
0.08509432637258052,-0.09267335387227849
0.08491105655460969,-0.09458514940428138
0.08468482616105033,-0.09649233890012675
0.08441574951457378,-0.09839395725041458
0.08410397759089791,-0.10028904446506584
0.08374969417465841,-0.10217664683286967
0.08335310934963443,-0.10405581714354
0.08291445187410705,-0.10592561394896682
0.0824339622456808,-0.10778510014058842
0.08191188807867662,-0.1096333413568197
0.08134848284755623,-0.11146940483433031
0.08074400823208497,-0.11329235924157927
0.0800987394336341,-0.11510127579303524
0.07941297212664482,-0.11689523059691381
0.07868702933285895,-0.11867330783058674
0.0779212665450357,-0.1204346030668631
0.0771160738667395,-0.12217822597252426
0.07627187466405697,-0.12390330170703792
0.07538912106393815,-0.12560897064877732
0.0744682873785774,-0.12729438649888897
0.07350986300811642,-0.1289587132517414
0.07251434646575654,-0.13060112185784353
0.07148224186477461,-0.13222078754372055
0.07041405858694241,-0.13381688864489183
0.06931031370177504,-0.13538860713156986
0.06817153468739963,-0.13693512991752765
0.06699827170365619,-0.13845565761305914
0.06579110113002447,-0.13994940826120167
0.06455062795426487,-0.14141562115677728
0.06327748608241655,-0.142853559353935
0.061972335753178516,-0.14426250981451577
0.06063585869418882,-0.14564178113282195
0.05926875217515082,-0.14699069937947298
0.05787172333496289,-0.14830860310393582
0.0564454850425026,-0.14959483879097216
0.05499075413307668,-0.15084875800614084
0.053508252256564914,-0.15206971709244674
0.05199870893364034,-0.15325707967639768
0.0504628659005871,-0.15441022155080722
0.04890148345208917,-0.15552853689812246
0.04731534971761052,-0.15661144425254694
0.04570526388477178,-0.15765839094589468
0.044072044847525964,-0.15866885548234966
0.04241652994557804,-0.1596423464253615
0.04073957055449471,-0.16057839837579757
0.039042027377281976,-0.16147656604322838
0.037324766430556114,-0.16233641786274733
0.03558865650141345,-0.1631575307582261
0.033834568445421154,-0.16393948741152636
0.03206337621422461,-0.16468187681661223
0.030275958353124254,-0.1653842960894139
0.028473201195356502,-0.166046358730063
0.026656002475927587,-0.16666770557417634
0.024825270769656196,-0.16724800868414885
0.02298192423116645,-0.16778697539989595
0.021126890751563165,-0.16828434911139228
0.01926113963279544,-0.16873990599740626
0.017385628062061374,-0.16915344756440745
0.015501308179068737,-0.16952479466607207
0.013609133011891691,-0.16985378080995892
0.011710055988785028,-0.17014024721959375
0.009805031441711215,-0.17038404112401498
0.007895015712008336,-0.17058501773200468
0.005980968327487443,-0.17074304546084515
0.004063852741042188,-0.1708580132000119
0.0021446362896957267,-0.17092983789088873
0.00022428929459887385,-0.1709584706168668
-0.0016962164809536722,-0.17094393091754229
-0.0036159097185855913,-0.17088618635234143
-0.005533821088023907,-0.17078531456048845
-0.007448984201964812,-0.170641403853952
-0.009360435815085198,-0.1704545551523054
-0.011267215260966619,-0.1702248806882875
-0.013168363465677485,-0.1699524996444087
-0.015062922016831102,-0.16963753728291023
-0.01694993261071725,-0.16928012721793187
-0.01882843704214346,-0.16888041400907342
-0.020697480272826477,-0.16843856887042097
-0.022556112317862802,-0.16795479415865341
-0.024403390726805845,-0.16742932701219762
-0.02623838273939586,-0.16686244067990053
-0.028060166490699198,-0.16625444224926864
-0.029867830943667,-0.16560566732265125
-0.031660474565499426,-0.1649164729105226
-0.03343720312436999,-0.16418723021906545
-0.03519712726422913,-0.16341831900978462
-0.036939360633471315,-0.16261012480668383
-0.038663019254550485,-0.1617630395238787
-0.04036722253693516,-0.1608774652573788
-0.04205109592064187,-0.159953820231262
-0.04371377469719304,-0.15899254539081273
-0.04535440820689629,-0.15799411000856947
-0.04697216345429598,-0.15695901493700132
-0.0485662272701004,-0.15588779273149705
-0.05013580646891688,-0.1547810046306287
-0.05168012593662686,-0.15363923512937716
-0.053198425111057795,-0.15246308543497256
-0.054689953758638096,-0.15125316732528404
-0.05615396817919955,-0.15001009878865948
-0.05758972892138293,-0.14873450235524027
-0.05899650076159745,-0.1474270063554079
-0.060373553520597936,-0.14608824709538956
-0.06172016823877201,-0.1447188753207903
-0.06303564552870113,-0.1433195645738158
-0.0643193089962114,-0.14189101250202263
-0.0655705089578653,-0.14043394213086363
-0.06678862366171798,-0.13894910054255213
-0.06797305769494455,-0.13743725529903983
-0.06912323794296452,-0.13589918947740368
-0.07023860808661073,-0.13433569842675216
-0.0713186228169753,-0.1327475917715459
-0.07236274339481445,-0.1311356719978326
-0.0733704362962654,-0.12950074374330173
-0.07434117457435284,-0.1278436172771842
-0.07527444209679417,-0.12616511151000398
-0.07616973980831826,-0.12446605750948832
-0.07702659260180945,-0.12274730147672211
-0.07784455519839584,-0.12100970634270534
-0.0786232156405261,-0.11925415153957349
-0.07936219555281056,-0.11748153097534139
-0.08006114709552105,-0.11569274967179605
-0.08071974734117279,-0.11388871980312974
-0.08133769144915974,-0.11207035693135116
-0.0819146863369842,-0.11023857706153381
-0.08245044646604531,-0.10839429477480518
-0.08294469290106958,-0.10653842618708469
-0.08339715533691101,-0.10467192443108875
-0.08380757586465128,-0.1027957302543008
-0.08417571741496356,-0.10091078431679115
-0.0845013712934152,-0.09901803500198689
-0.08478436286762062,-0.09711843815443921
-0.0850245542748769,-0.09521295580591717
-0.08522184349316346,-0.09330255422026575
-0.08537615998718678,-0.09138820175835327
-0.0854874579652002,-0.0894708670792168
-0.08555570886139299,-0.08755151805552783
-0.08558089485068868,-0.08563112153739845
-0.08556304124870866,-0.08371064384642794
-0.08550207550350501,-0.08179105152959139
-0.08539802848103563,-0.07987331213584684
-0.08525092559307146,-0.07795839440547832
-0.08506081064646236,-0.07604726758469287
-0.08482775804972245,-0.07414090000850249
-0.08455187769149963,-0.07224025717189834
-0.08423331655442919,-0.0703462997657897
-0.0838722566257201,-0.06845998217819023
-0.08346890960857362,-0.06658225185311156
-0.08302350969715701,-0.06471404965932627
-0.08253630612961158,-0.06285631111794326
-0.0820075572709157,-0.06100996805892389
-0.08143752759384297,-0.059175950106225894
-0.08082648821736141,-0.057355185386055815
-0.08017472080157186,-0.05554860002511089
-0.07948252379579936,-0.05375711631750803
-0.07875021948447146,-0.051981649809876004
-0.07797816010370763,-0.050223105882385356
-0.07716673154638605,-0.048482376594748924
-0.0763163537701314,-0.04676033855874126
-0.0754274778223656,-0.045057852381606714
-0.07450058020346136,-0.04337576384352066
-0.07353615590876861,-0.04171490652026833
-0.07253471177686893,-0.040076105157432956
-0.0714967616619137,-0.03846017885610705
-0.07042282447618378,-0.036867943117275016
-0.06931342543637277,-0.03530021002939039
-0.06816909830476685,-0.03375778776799197
-0.06699039264321396,-0.032241475306715624
-0.06577788326314403,-0.030752055208460367
-0.06453217193514811,-0.029290290431914952
-0.06325388913738415,-0.02785692081832238
-0.061943692900236026,-0.02645266171176122
-0.06060226504194288,-0.025078205070010004
-0.059230305706034304,-0.02373422281807565
-0.057828527484473605,-0.022421371622506358
-0.05639765046104196,-0.021140297873579305
-0.05493839923601678,-0.01989164156075303
-0.05345150247309825,-0.01867603795133363
-0.051937694878552224,-0.017494116488809365
-0.05039772093904666,-0.016346496998627506
-0.048832342423365316,-0.015233783956128786
-0.047242345546081546,-0.014156560362102194
-0.04562852575706743,-0.01311538222159301
-0.04399169962426488,-0.012110774760680768
-0.04233270328156491,-0.011143231972704436
-0.04065238867531779,-0.010213219272266625
-0.038951619020649066,-0.009321178624582595
-0.03723126445440415,-0.00846753490768055
-0.035492198774990755,-0.007652701931602729
-0.03373529783944263,-0.0068770865845821745
-0.031961439737163956,-0.0061410899983035784
-0.03017150639799516,-0.005445105326743971
-0.0283663859346341,-0.004789512548227967
-0.026546974845254787,-0.00417467142934337
-0.024714179234475945,-0.0036009142505381807
-0.02286891440915765,-0.0030685399674558766
-0.02101210962363497,-0.002577811126755228
-0.019144735572086683,-0.0021289552486207443
-0.01726774727013812,-0.001722170203427201
-0.015382098861769992,-0.001357629508113181
-0.013488745970718224,-0.0010354895967807196
-0.011588644596028394,-0.0007558962976344587
-0.009682751071312853,-0.0005189887845097927
-0.007772022845669089,-0.00032490001416867967
-0.005857419629292798,-0.00017375356667993048
-0.003939904330204737,-6.565786373720464e-05
-0.0020204434967648656,-6.975803048826645e-07
-0.00010000681020473161,2.1073343247608786e-05
0.0018204341824591592,-3.334082859946364e-07
0.0037399078962701486,-6.495888807778291e-05
0.005657444374211056,-0.00017271843995409468
0.007572076611680939,-0.0003235274353002146
0.009482841146231963,-0.0005172782602562814
0.011388777808933204,-0.0007538479012078483
0.013288928845776898,-0.0010331040551576393
0.015182337829014665,-0.0013549082967115474
0.017068048877643335,-0.0017191155668521097
0.018945106646836855,-0.00212557013898995
0.020812557339142314,-0.0025740990647226914
0.02266945069136985,-0.003064504701550522
0.024514842585058757,-0.003596558135008536
0.026347797705235695,-0.004169995080815035
0.028167391602115142,-0.004784515247156291
0.029972711623709437,-0.005439785302409953
0.03176285646373635,-0.006135444732901524
0.033536934440589555,-0.006871113196140267
0.03529406099033639,-0.007646397638920653
0.03703335611642973,-0.008460897533341113
0.038753942611898656,-0.009314207061621012
0.04045494572385877,-0.01020591383162315
0.04213549330615905,-0.011135596626407356
0.04379472024645653,-0.012102817278698948
0.045431774546058484,-0.013107109985289737
0.047045820205827545,-0.014147979369888104
0.04863604047852367,-0.015224898327583789
0.050201639353175655,-0.016337309077972106
0.05174184088567902,-0.01748462715951742
0.05325588651589551,-0.018666247401242335
0.05474303103591527,-0.019881550463468626
0.05620253825500846,-0.02112990844521238
0.0576336775386379,-0.02241068832564097
0.05903572223598366,-0.023723252565735622
0.06040795058080134,-0.025066956900292984
0.061749649052044935,-0.026441146024371167
0.06306011755913453,-0.02784514835973261
0.06433867532937662,-0.029278271265555152
0.06558466615043933,-0.03073979790070146
0.06679746172523558,-0.032228986501893105
0.06797646231577543,-0.033745072231266944
0.06912109449282083,-0.03528727112329805
0.07023080652228349,-0.03685478217295107
0.0713050622420479,-0.03844678865126092
0.07234333535209876,-0.04006248013208345
0.07334510581101278,-0.04170104314958913
0.0743098586507876,-0.04336166052759545
0.07523708552015522,-0.04504350962768226
0.07612628703159724,-0.046745760548287926
0.076976986231945,-0.048467569012312285
0.0777887335057231,-0.05020807482368471
0.0785611110549393,-0.051966401535335396
0.07929373528867574,-0.05374165742538344
0.0799862558098484,-0.05553293811532846
0.08063835123554863,-0.057339330257062664
0.08124972286582974,-0.05915991553081036
0.08182008776389056,-0.060993774244273255
0.0823491729919372,-0.06283998809856473
0.08283671253450411,-0.06469763385713165
0.08328244665854517,-0.06656575420999358
0.08368612436927851,-0.06844341094035601
0.08404751092439722,-0.07032966364013282
0.08436639545972183,-0.07222356500637186
0.0846425979639827,-0.07412416052052939
0.08487597405592275,-0.07603048917559961
0.08506641641642779,-0.07794158507298853
0.08521385252311639,-0.07985647947233741
0.08531823922048674,-0.08177420277468347
0.08537955542112442,-0.08369378597572044
0.08539779468702029,-0.08561426131833379
0.08537298301820889,-0.08753466211076366
0.08530508110935427,-0.08945402211752974
0.08519412811183409,-0.09137137460673027
0.08504014859170156,-0.09328575162222749
0.08484318543671619,-0.09519618460953852
0.08460331140288672,-0.09710170553150312
0.08432063249879665,-0.09900134867478527
0.08399529134342563,-0.10089415270729817
0.08362746692571535,-0.1027791624640548
0.08321737082761192,-0.10465543000164089
0.08276524081478287,-0.10652201464887842
0.08227133331974516,-0.1083779820706148
0.08173591659262282,-0.1102224026666249
0.08115926611712815,-0.11205434985894093
0.08054166332955373,-0.11387289890614102
0.07988339787504785,-0.11567712678783984
0.0791847727845704,-0.11746611344226508
0.07844611126351773,-0.11923894427810038
0.0776677634136998,-0.1209947135148138
0.07685011124883792,-0.12273252763599642
0.07599357079479829,-0.12445150814849082
0.07509859077991564,-0.12615079296293671
0.07416564824144986,-0.12782953602917208
0.07319524210201307,-0.12948690529895293
0.07218788623111808,-0.1311220795375824
0.07114410359569169,-0.1327342448453712
0.07006442280520708,-0.1343225918826727
0.06894937775185747,-0.13588631467171575
0.06779950993084835,-0.1374246111502233
0.06661537106227866,-0.13893668451860613
0.06539753494841341,-0.14042175222979258
0.06414660088880608,-0.1418790497985267
0.0628631959766815,-0.14330783467976216
0.06154797538675316,-0.14470738880553444
0.06020161986497988,-0.1460770187112508
0.05882483103974085,-0.1474160531938736
0.05741832567221905,-0.14872383906071468
0.05598283017522803,-0.1499997360291862
0.054519076612612606,-0.15124311209313906
0.053027800985373845,-0.1524533406064217
0.05150974402507442,-0.15362979995342754
0.04996565409983577,-0.1547718760639833
0.0483962963152677,-0.15587896732651413
0.046802454448843935,-0.1569504905322295
0.04518492135417181,-0.15798588715531284
0.04354451116775553,-0.15898462829987403
0.04188205823677024,-0.15994621670029774
0.04019841418512997,-0.16087018558551183
0.03849444376131531,-0.1617560946550661
0.03677102038984994,-0.16260352412944015
0.03502902237460502,-0.16341206833251407
0.033269330483995274,-0.1641813304134046
0.03149282725336416,-0.16491091957346116
0.029700397876502246,-0.16560045158354633
0.027892932144656372,-0.1662495525930207
0.02607132662397215,-0.16685786543454198
0.024236486189045822,-0.16742505701468305
0.022389324136207953,-0.16795082510488393
0.020530771508226627,-0.16843490301082364
0.018661800200435834,-0.16887705960917987
0.016783362242816624,-0.16927709602949884
0.014896412910785852,-0.16963484140711796
0.013001909603977933,-0.16995014572572217
0.011100810326013911,-0.17022287266309852
0.009194073202450465,-0.170452894220971
0.007282656924469704,-0.17064008846151463
0.005367521746308392,-0.17078434093186992
0.003449630527390449,-0.17088554925183028
0.0015299493229900857,-0.17094363038501442
-0.0003905527234850361,-0.17095852868956551
-0.0023109043761074376,-0.17093023993728154
-0.004230134017401486,-0.1708587422462656
-0.006147271302367325,-0.1707441052112837
-0.008061348737832498,-0.170586413215887
-0.009971402575601857,-0.1703857774589647
-0.011876472866142329,-0.17014232831216375
-0.013775602760118215,-0.16985620827200762
-0.01566783740029525,-0.16952756718549206
-0.017552222905921656,-0.1691565608688678
-0.019427805961987562,-0.1687433534156816
-0.021293634376763456,-0.16828812260087903
-0.023148758699810992,-0.16779106704751984
-0.024992234674068223,-0.16725241340865452
-0.026823126021176,-0.1666724218260615
-0.028640506911691427,-0.16605138835391706
-0.030443463501986935,-0.16538964377239673
-0.032231094130774934,-0.164687549083078
-0.03400250811233833,-0.16394548876461196
-0.035756823452073656,-0.1631638633850379
-0.037493164136721276,-0.16234308329498814
-0.03921065782198662,-0.16148356483825516
-0.040908434697140825,-0.16058572988806616
-0.042585627740145036,-0.15965000828614087
-0.044241373682811565,-0.15867684058596665
-0.045874820601184044,-0.15766669144144482
-0.04748513123094125,-0.15662005344401256
-0.04907148650875603,-0.15553744985977094
-0.05063308803319194,-0.15441943519013723
-0.05216915847379005,-0.1532665926047509
-0.05367893979960436,-0.15207952887672554
-0.05516168974971735,-0.15085886802796855
-0.05661667743995252,-0.14960524516415966
-0.05804317926620113,-0.14831930188748035
-0.059440476247352145,-0.14700168425221627
-0.060807853641152355,-0.14565304358576237
-0.0621446031305192,-0.14427403979801837
-0.0634500272427863,-0.14286534621729072
-0.06472344508773956,-0.14142765465868182
-0.06596419813055032,-0.13996167942325022
-0.06717165465358642,-0.13846815923341857
-0.0683452118331875,-0.13694785664614972
-0.06948429490743543,-0.13540155511097246
-0.07058835360841895,-0.13383005896880368
-0.07165685639940346,-0.13223418757976602
-0.0726892845532895,-0.1306147564319268
-0.07368512744864088,-0.1289725854021699
-0.07464387985860188,-0.1273084976176977
-0.07556504234876232,-0.12562332049282712
-0.07644812270659387,-0.12391788738771731
-0.07729264398401114,-0.12219304182733484
-0.078098155268063,-0.1204496427417435
-0.07886423527922597,-0.11868856455198651
-0.0795904963110538,-0.11691069703019878
-0.08027658496021785,-0.11511694342623816
-0.08092217946779359,-0.11330821722894244
-0.08152698431534484,-0.11148543822477422
-0.08209072340524833,-0.10964952856793134
-0.08261313353365136,-0.10780140938741171
-0.08309395986852337,-0.10594201088648673
-0.0835329530704825,-0.1040722945968218
-0.08392987051075469,-0.10219319687306647
-0.08428448252461705,-0.10030565864973374
-0.08459657948928906,-0.09841062688947334
-0.08486597928094396,-0.09650905529822675
-0.08509253334277123,-0.09460190404506695
-0.08527612991353663,-0.09269013853064863
-0.085416693636924,-0.09077472752220106
-0.08551418163581884,-0.08885664113783923
-0.0855685769845169,-0.08693684917580359
-0.08557988113974054,-0.08501632014751674
-0.08554814278094201,-0.08309602117027269
-0.08547330988453665,-0.08117691837114413
-0.0853554443806883,-0.079259977903609
-0.08519458099195643,-0.07734616655017365
-0.08499076920504933,-0.07543645179520009
-0.08474408068703963,-0.07353180106625352
-0.08445461653543639,-0.07163318018057702
-0.08412251262961995,-0.06974155129216665
-0.08374794180573895,-0.06785787081964151
-0.08333111233887308,-0.06598308788074678
-0.08287226309907693,-0.06411814364487475
-0.08237165653790841,-0.06226397176622326
-0.08182957116918553,-0.0604214997439715
-0.08124629531153141,-0.05859165076186019
-0.08062212353872882,-0.05677534537523736
-0.07995735661825569,-0.05497350239955101
-0.079252304813729,-0.053187038558086264
-0.07850729342274765,-0.051416866804959306
-0.07772267067655014,-0.04966389295561276
-0.07689881374005847,-0.047929012189594
-0.0760361326447489,-0.046213105694864386
-0.07513507115029211,-0.04451703830823267
-0.07419610422832987,-0.04284165778020439
-0.07321973278222582,-0.04118779587301707
-0.0722064768618791,-0.03955627102976649
-0.07115686896294829,-0.037947891920875866
-0.07007144894172344,-0.036363460898985345
-0.06895076165232261,-0.034803776356118955
-0.06779535773233311,-0.033269633200714244
-0.06660579719705374,-0.03176182111233013
-0.06538265483842647,-0.030281120785061896
-0.06412652602031353,-0.028828298898512586
-0.06283803140738825,-0.02740410291990331
-0.06151781946391301,-0.026009256941473106
-0.06016656612861176,-0.02464445955643564
-0.058784971766538165,-0.023310384312329478
-0.05737375614589629,-0.02200768265920308
-0.055933652631804304,-0.020736988682910327
-0.054465402929205736,-0.019498924439505665
-0.052969753520006456,-0.018294104511020745
-0.05144745448218536,-0.017123138545304492
-0.04989926077296926,-0.01598663099941149
-0.048325941366829314,-0.014885179884939221
-0.04672827553022256,-0.013819369806520881
-0.045107053687299246,-0.012789761954350186
-0.04346308642922669,-0.0117968902648936
-0.04179720479096716,-0.01084125756166831
-0.04011025851556708,-0.00992333464613747
-0.038403112656497276,-0.00904356258123578
-0.03667664328736976,-0.008202357636895408
-0.034931733268706675,-0.007400117702391929
-0.0331692689481065,-0.006637228583480765
-0.03139013837530116,-0.005914068594425825
-0.029595231182000956,-0.005231010235762989
-0.02778543982186692,-0.004588418431886024
-0.025961661499029086,-0.003986645625486373
-0.024124799910282938,-0.0034260247876930893
-0.022275765904240984,-0.0029068619134475482
-0.02041549429833808,-0.0024294297295736266
-0.01854495284243283,-0.0019939657419648614
-0.016665091874974402,-0.0016006727689417467
-0.01477686738310945,-0.0012497215876646065
-0.012881238449446004,-0.0009412572982442402
-0.010979165279257314,-0.0006754067876478965
-0.009071608163362135,-0.00045228548968374497
-0.007159527435889917,-0.0002720017942201617
-0.005243884191676853,-0.00013465801550316875
-0.0033256413532869677,-4.0348110252332506e-05
-0.0014057643246677667,1.0845518514297525e-05
0.0005147784143357129,1.886644023854332e-05
0.002435016032106001,-1.627380399789533e-05
0.004353976992137256,-9.463931878457277e-05
0.006270690649704113,-0.00021614577765093166
0.008184189014515161,-0.0003807106879787596
0.010093507930962458,-0.0005882212680386568
0.011997687460866848,-0.0008385416557085598
0.013895771433131806,-0.0011315204517060122
0.015786806405504936,-0.0014669967987890416
0.017669840494545796,-0.0018448035634162094
0.019543922609562246,-0.002264766892690382
0.02140810254427621,-0.0027267022957864068
0.023261432152616245,-0.0032304082331367392
0.02510296752247644,-0.0037756587878328553
0.026931771751249764,-0.004362197201565823
0.02874691771005868,-0.004989731835556179
0.030547490128343464,-0.00565793552283287
0.03233258646337279,-0.00636644845888278
0.03410131631534026,-0.007114883932935175
0.03585279953529075,-0.007902835535699133
0.037586163547773735,-0.008729884149326484
0.0393005406680539,-0.009595603106717226
0.04099506625656792,-0.010499560374477815
0.042668878391471717,-0.011441317348158337
0.04432111803977236,-0.012420426707773574
0.04595093366122605,-0.013436424525234613
0.04755748754507797,-0.014488819833965778
0.049139958722245185,-0.015577092788123257
0.05069754627812004,-0.01670069257080845
0.052229470836155215,-0.017859038417288867
0.05373497382863743,-0.019051523493043638
0.05521331471023867,-0.020277520690434262
0.056663766802926244,-0.02153638897809133
0.05808561284428308,-0.02282747884793269
0.059478141439511474,-0.0241501356683783
0.060840645445990264,-0.025503700294945735
0.06217242287861268,-0.02688750697096489
0.06347278031497727,-0.02830087920157274
0.06474103814986447,-0.02974312474652781
0.06597653655722847,-0.031213531046132306
0.06717864079419822,-0.0327113622392661
0.06834674459089762,-0.03423585850272708
0.06948027079639237,-0.03578623785186197
0.07057866907461703,-0.03736169311732295
0.07164141088005312,-0.03896140487947013
0.07266798372421339,-0.04058455271786081
0.07365788567284452,-0.042230310721168965
0.07461062132238722,-0.043897849643799274
0.07552570058092678,-0.04558633687279039
0.07640264022593432,-0.0472949347068086
0.07724096633966805,-0.04902279857560535
0.07804022757644484,-0.05076907054215666
0.07880000014879825,-0.052532877874668975
0.07951989235805784,-0.05431333284299495
0.08019954702231055,-0.05610953379271344
0.08083864050794327,-0.05792056779715429
0.08143687860035533,-0.05974551436178206
0.08199399022939043,-0.06158344951202272
0.08250972061658607,-0.06343344969285032
0.08298382552541123,-0.06529457363018645
0.08341606642472617,-0.06716586276449903
0.08380621047345377,-0.06904637874648789
0.08415403494907789,-0.07093517967967473
0.08445933345392374,-0.07283131858230267
0.08472192338428633,-0.07473384236057552
0.08494165289891482,-0.07664179166798227
0.08511840572718206,-0.07855420174046727
0.08525210266318672,-0.08047010400464726
0.0853426993800861,-0.0823885280402534
0.08539018107996295,-0.08430850339785613
0.08539455637403304,-0.08622906084683973
0.08535588220284307,-0.08814923279370286
0.08527411650116964,-0.09006805309661255
0.08514933372314598,-0.09198455611620325
0.08498157814677285,-0.09389777598834166
0.08477090559106275,-0.09580674627366224
0.0845173901620462,-0.09771050037994318
0.08422113175797093,-0.09960807283744864
0.08388226253635328,-0.10149850123698173
0.08350095079466721,-0.10338082841003755
0.08307740133850923,-0.10525410431741239
0.08261185225329103,-0.10711738715720354
0.08210456885319659,-0.10896974340075254
0.08155583624728294,-0.11081024676558796
0.08096595227789455,-0.1126379764549557
0.08033522247765769,-0.11445201524151821
0.07966395818819415,-0.11625144807179996
0.07895247821158778,-0.11803536177956386
0.07820111315792785,-0.11980284606127974
0.0774102123210636,-0.12155299619032643
0.07658015113870788,-0.12328491672975816
0.07571133595707107,-0.12499772503468201
0.07480420653515212,-0.12669055425536752
0.0738592352045993,-0.12836255493719945
0.07287692289988715,-0.1300128947992465
0.07185779301451302,-0.13164075672439962
0.0708023845351926,-0.13324533546658326
0.06971124604335753,-0.13482583394899295
0.06858493192591576,-0.136381460188438
0.06742400157325774,-0.1379114257810345
0.06622902160557512,-0.13941494653575992
0.06500057044130576,-0.14089124532255587
0.06373924397948538,-0.14233955663732345
0.06244566093672293,-0.1437591319212169
0.06112046650629413,-0.14514924443013952
0.059764333450456175,-0.14650919250371314
0.05837796038053991,-0.14783830043025092
0.05696206766033186,-0.1491359166698822
0.055517391920162876,-0.1504014098476689
0.054044680462490696,-0.15163416350123218
0.05254468681239409,-0.15283357091543728
0.051018168336508046,-0.1539990314042553
0.04946588631325297,-0.15512994908874206
0.047888617341266794,-0.15622573415925073
0.0462871394645761,-0.1572858046601224
0.044662242233747,-0.15830959908892986
0.04301473439585581,-0.15929658124833543
0.041345444606522584,-0.1602462446422599
0.03965522072161179,-0.16115811495026042
0.037944927216750794,-0.16203174932408093
0.036215441322056084,-0.16286673265301985
0.03446764874564297,-0.1636626716897573
0.03270243990472891,-0.1644191884720481
0.030920707389072436,-0.16513591468000244
0.029123345008402805,-0.16581248837651083
0.027311248324077005,-0.16644855402949177
0.02548531614785804,-0.16704376593775708
0.0236464521983723,-0.16759779436539365
0.021795565979133163,-0.16811033303473408
0.019933598163371216,-0.16858110618021283
0.018061510119245505,-0.16900987174536075
0.01618025150415755,-0.16939642320604728
0.014290778421914958,-0.1697405883685353
0.012394050880939924,-0.1700422241787834
0.010491030590060664,-0.17030120961890835
0.008582679539899784,-0.17051743840009664
0.006669959556564742,-0.17069081322224572
0.0047538327155236945,-0.17082124300368765
0.0028352622545965056,-0.1709086437753603
0.0009152134964369499,-0.170952943052814
-0.0010053456790413864,-0.1709540923188322
-0.0029254451059864037,-0.17091207919214693
-0.004844113489003269,-0.17082685824540872
-0.006760379909633757,-0.17069849752640637
-0.008673275701930449,-0.17052707449953586
-0.01058183596731351,-0.17031270062223555
-0.01248510039471589,-0.170055515256405
-0.01438211320376468,-0.1697556780955288
-0.016271922312491482,-0.16941336191603057
-0.01815357809229564,-0.16902874736969675
-0.02002613223562788,-0.168602021031418
-0.021888637272174192,-0.1681333771256447
-0.02374014704876702,-0.1676230222633096
-0.025579718484314996,-0.16707118255607545
-0.02740641422947036,-0.16647811121954542
-0.02921930557253059,-0.16584409400405992
-0.03101747509040704,-0.16516945204048172
-0.032800018334350256,-0.16445454114688768
-0.0345660441084077,-0.1636997477713246
-0.03631467325282996,-0.1629054825445608
-0.03804503625070918,-0.16207217297054724
-0.03975627032417366,-0.1612002569613621
-0.04144751687712589,-0.16029017869004536
-0.04311792011295142,-0.15934238765162026
-0.04476662740172894,-0.15835734103643567
-0.04639279154670094,-0.15733550872431706
-0.04799557460785133,-0.15627737959502244
-0.049574152508672455,-0.15518346756400048
-0.051127719397853974,-0.15405431585422685
-0.052655490736609654,-0.15289049847172942
-0.0541567043481255,-0.15169261854574603
-0.055630619143138715,-0.15046130395108215
-0.05707651181208633,-0.1491972012657387
-0.05849367230554867,-0.1479009694810802
-0.05988139927196477,-0.14657327489427072
-0.06123899668761064,-0.14521478828043088
-0.06256577266944795,-0.14382618485571602
-0.06386104056348034,-0.142408146574686
-0.06512412093076979,-0.14096136461315056
-0.06635435256742196,-0.139486549275306
-0.06755109700148801,-0.13798443270545313
-0.06871374277188674,-0.13645577041841836
-0.06984170793947422,-0.1349013410472448
-0.07093443960723596,-0.13332195278500633
-0.07199141023738938,-0.13171842396252506
-0.0730121126020778,-0.13009157951918443
-0.07399605375124028,-0.12844225183048466
-0.07494274964353194,-0.1267712773739622
-0.07585172197529175,-0.12507949544716
-0.07672249809823871,-0.12336774895214067
-0.07755461418318645,-0.12163688676908961
-0.0783476209968151,-0.1198877668866434
-0.07910109100565228,-0.11812125932135206
-0.0798146251699136,-0.11633824796487478
-0.08048785783255326,-0.11453963080350342
-0.08112045854325327,-0.11272631836788488
-0.08171213038502421,-0.11089923067185757
-0.08226260522126796,-0.10905929317107485
-0.08277163705031312,-0.10720743232374773
-0.08323899496960409,-0.10534460241508757
-0.08366445573553694,-0.10347175972683671
-0.08404780152592585,-0.10158984578149735
-0.08438882127286251,-0.09969980418580827
-0.08468731247720945,-0.09780258186760593
-0.0849430902198505,-0.0958991305579063
-0.0851559992042087,-0.09399040854116629
-0.08532591710408731,-0.0920773795949963
-0.08545275830484661,-0.09016101176722215
-0.08553647406237092,-0.08824227557474906
-0.08557704903464323,-0.08632214208755878
-0.08557450067072583,-0.08440158138681726
-0.08552886792000576,-0.08248156171017801
-0.08544016113976578,-0.0805630493821411
-0.08530845052174225,-0.07864700953945075
-0.08513379279708884,-0.07673440695599161
-0.08491625299263604,-0.07482620669095096
-0.0846559098242957,-0.07292337409492414
-0.08435286294689563,-0.07102687394837716
