-0.0009276295907165866,9.204708572456193e-06, 2.992447952995884e-05
0.0017806103498334575,-7.160758817721161e-05, 0.0353021027929847
0.0032305796696875414,-0.0001500036099956914, 0.04072268825477632
0.005970683579204916,-0.00039826595502172286, 0.04466637780362878
0.006700037035576624,-0.0004689752807534556, 0.04563990914153008
0.01048561975862445,-0.000914362865340707, 0.04690716642281119
0.012822933386578826,-0.0012550130560606046, 0.047918024754532336
0.013867564162464218,-0.0014054654978447022, 0.04863836558237852
0.015450393922040236,-0.0016825680906643822, 0.049599879559322456
0.01708323903763805,-0.0020204929009211585, 0.05082561085318836
0.018376828171098463,-0.0023079091532730834, 0.05193183842000393
0.02186463915573001,-0.0032061432780705217, 0.052894772511996375
0.022582077095499108,-0.0034031037244609953, 0.05373706945804923
0.02451317344892997,-0.003930705136564377, 0.05451204255974207
0.02675070715261821,-0.0046365059803330725, 0.055267318288422095
0.028621996567599287,-0.00530494852540039, 0.05602896264116156
0.03175668550234671,-0.0065599561184245805, 0.05682278873280926
0.03326922248500557,-0.00726460691925711, 0.05771251347705002
0.035066662244513234,-0.00808507808468436, 0.05874274529130329
0.03606165613380648,-0.008560836117205817, 0.05983801045241226
0.037652487796374014,-0.009418920838378503, 0.06091125103119339
0.039398426342244657,-0.010312318830218917, 0.06192000215745778
0.04131377541990381,-0.011316402667974974, 0.0628640825475823
0.04287670204517999,-0.012209928903995729, 0.06374595878681215
0.04427976984556534,-0.013081682112217184, 0.06459415054179901
0.04577282278086429,-0.01405023681444806, 0.06542830505569576
0.04741716778718885,-0.01515773725123294, 0.06627845768174623
0.049000451419481075,-0.016288072080698372, 0.06716421759380023
0.051144162625376945,-0.017833799951420263, 0.06810742972365451
0.05257175117990599,-0.018890354561394006, 0.06911368677865448
0.053862760984988226,-0.019892297039326975, 0.07018295492028216
0.05605485063921399,-0.021752265506977408, 0.07127261095637741
0.05687576670649763,-0.022477098600530026, 0.07233336998317355
0.05866137208335301,-0.024138454188752607, 0.07334633009719199
0.0598497029872496,-0.025327385821693884, 0.07429607775036909
0.06127943178632441,-0.026820852483200878, 0.07519404443101077
0.0629794603776165,-0.028711533237742993, 0.07605430670648028
0.06387534418714591,-0.029717297001204734, 0.0768967969030182
0.06530975517783154,-0.031330384161578045, 0.07775307363851891
0.06738980908573779,-0.033870230403753525, 0.0786429855056646
0.06692612753933698,-0.033267067655396394, 0.0795757894995009
0.06849715289964488,-0.03543228908705854, 0.0805715462338913
0.07022088398890122,-0.037887102944801826, 0.08162474265392067
0.0715301303340052,-0.03974042427813176, 0.08271153090656366
0.07205748002425312,-0.040575510189075896, 0.08378724582063418
0.07296238382873545,-0.042172535415486226, 0.0848235372955363
0.0738958812051694,-0.04390306306021794, 0.08580834994879347
0.07462926102711087,-0.04534545034634873, 0.08673449779025791
0.07601203913819454,-0.04803786902604888, 0.08760974977696635
0.07668979443715206,-0.04938028389730918, 0.0884604923503987
0.07787291713990008,-0.051909861956863486, 0.08930818547136014
0.07818922652155778,-0.052612610515346915, 0.0901769170269236
0.07957324712723306,-0.05604926253815484, 0.09108610121806852
0.07977995321692617,-0.0566182914289391, 0.09204578363346812
0.08041035804916821,-0.05837243391330347, 0.09306305894347591
0.08128612091612514,-0.06088410259640099, 0.09412999859972258
0.08214434972328086,-0.06350121107350828, 0.09521687357002655
0.08257309698333072,-0.06498013916519492, 0.09628995672245584
0.08289751740505696,-0.06623766788087496, 0.09731969253280581
0.08308399393333409,-0.06698701046178762, 0.09829263561257327
0.08360898769414368,-0.06939914997157351, 0.0992100265211128
0.08399724354742727,-0.07172257732052913, 0.10008319378018936
0.08430276624867789,-0.07375318439734065, 0.10092895455307821
0.08459505849179089,-0.07594220584070088, 0.10177944537272754
0.08486954244153025,-0.07874554976994406, 0.10265253443216252
0.08494953826271157,-0.08020467078640965, 0.10357009913871909
0.08499495043545495,-0.08179959786235096, 0.10454586636352181
0.0850304760210652,-0.08303584834565106, 0.10557877220908309
0.08507963118222941,-0.08512928907079713, 0.10665719661657967
0.08511527095456782,-0.08848925108201267, 0.107743120917299
0.08508331947416757,-0.08995560558786017, 0.10880417202270104
0.08500656730315621,-0.09098306746504664, 0.10981722440537868
0.08474398893331901,-0.09337799306961735, 0.11077081678789794
0.08452054421005023,-0.09576861999622044, 0.11166743725862278
0.08434607404509856,-0.09732146101113627, 0.11252782534333862
0.08393599266785938,-0.10025472053497356, 0.11337660019034172
0.08386551679909518,-0.10072726858296178, 0.11423399380007784
0.08343313079473452,-0.10334414508079585, 0.11512262613049559
0.08297028862730342,-0.10555138568538298, 0.11606211642819386
0.08228382447823128,-0.10829917388008722, 0.11705773053814854
0.08227361189998732,-0.10833849172293963, 0.11810609931254745
0.08124105731304332,-0.11166279986847502, 0.11918882225702096
0.08067735099203271,-0.11343162965832752, 0.12027128576220117
0.0800763092521602,-0.1152675765520963, 0.12132505713336414
0.0791284486305419,-0.11769985873347795, 0.12232823620447582
0.07878526442355284,-0.11855995274896086, 0.12327356453264629
0.07833161200906094,-0.11970382929951905, 0.12416924178493417
0.07741199305681407,-0.12195122783837259, 0.12502698245148527
0.07686686284163573,-0.123171282561777, 0.12587350073217993
0.07554906269461803,-0.12583889720997204, 0.12673423827363856
0.07443379481049281,-0.12794280049866422, 0.1276275765822413
0.0735273292983122,-0.12956039797329544, 0.12857147734373006
0.07361415311135111,-0.129415162117517, 0.12957424620848587
0.07164828914446733,-0.1324018038679882, 0.13063143702606636
0.07095442377753218,-0.13340338000899335, 0.1317139854362125
0.06898274252735266,-0.13613855866957614, 0.13279278953877816
0.06804280336071278,-0.13737252883099377, 0.13383446797854917
0.06671042765392696,-0.13905795863577952, 0.134818176140283
0.0657664552096582,-0.1402346938269393, 0.13574634487641912
0.06395747347517021,-0.14236700469068908, 0.13662444158348
0.06325680079201422,-0.14314403941040352, 0.13747917234506116
0.060271854611831634,-0.14618491704953207, 0.1383263229112927
0.06041193907717311,-0.1460501819645557, 0.13919696694129974
0.058514135552117305,-0.14787290625288296, 0.1401059563179469
0.05816160141123713,-0.14820971709766936, 0.14106910138076983
0.05598508193687776,-0.15017109823143665, 0.14209546421720953
0.0544802602687917,-0.15150789601951167, 0.14315980990700522
0.05279671131837847,-0.15304624652515905, 0.14424801761998662
0.05135851304392741,-0.15423346215439554, 0.14531714080096908
0.05039078531210692,-0.15494614689908134, 0.14635239396718927
0.04883686082889668,-0.15599870317317718, 0.14732656040499773
0.0463699818823069,-0.15759036762891251, 0.14824477963923874
0.04503893195354193,-0.15843700062343344, 0.14911779532148917
0.04291330554929405,-0.15979046640188907, 0.14996880907940088
0.0420819339842961,-0.1602939026567594, 0.15081863049734606
0.0392675956955164,-0.1618405976113205, 0.15169175249824424
0.03795340739571743,-0.16252274895245294, 0.15260978345297072
0.037288552614168434,-0.16285756556089878, 0.15357850816587015
0.035403828920465105,-0.16379738833458912, 0.15460679966693
0.03371239361544512,-0.16457610620563717, 0.15568150087593619
0.02990728068792336,-0.16620011051862843, 0.1567666980593033
0.028489162298019365,-0.16671355093656165, 0.1578303772468861
0.027364822634989985,-0.16710584190957592, 0.1588439888598539
0.02555628255845354,-0.16778088175674213, 0.1597985867822561
0.024866217385068685,-0.16801367765107497, 0.16069574778052623
0.022161006295725212,-0.16880997383135737, 0.16156107538150608
0.020943004726454946,-0.1691160972132076, 0.16241041731652683
0.018067876369990472,-0.16978741789489601, 0.16326087344270776
0.014473099557922964,-0.17057451776419078, 0.1641469180388725
0.015009666833792467,-0.17047227995157394, 0.16508262212775646
0.01383457158306855,-0.17064864629500678, 0.16607887456319748
0.010991865792050703,-0.17099166445755096, 0.16712170873084856
0.007389418344631868,-0.17141010287765532, 0.16820260725061364
0.006170552620291856,-0.17151043056190587, 0.16928513896591094
0.0048713831567903055,-0.171556195639671, 0.17034416726870644
0.0032451990745231826,-0.17161805393696541, 0.17134721256211785
0.000697778447401284,-0.17175023309163703, 0.17229415671777637
-0.0012721536199261406,-0.17179146440559415, 0.1731859365049499
-0.002426612178656227,-0.1717948299135727, 0.1740422446262818
-0.004634345851579084,-0.17177132676944273, 0.17489117456160913
-0.007743022735286934,-0.17165059507986644, 0.1757497687930439
-0.008237546793197855,-0.17162537660002358, 0.17663822871757134
-0.011112554432346121,-0.17135975671943093, 0.17757907817127086
-0.011209644728230666,-0.1713468506756982, 0.17857548144812005
-0.014927320465836877,-0.17071501679468068, 0.17962975564080433
-0.018004228709926358,-0.170031960791395, 0.18071361105938077
-0.019804225950262606,-0.1696436604156146, 0.18179485548153806
-0.021712258630824204,-0.16922995413525366, 0.18284570176186415
-0.022307203669053144,-0.16908522168510678, 0.18384025812016316
-0.024529495532834716,-0.16855228685409523, 0.1847825100190023
-0.026155688795067723,-0.168081342132755, 0.18566944488770107
-0.02921710854588391,-0.16704229420107924, 0.1865232888862933
-0.030283776947475943,-0.16665133271629765, 0.18737163790549066
-0.03258920594317148,-0.16570547620728926, 0.18823348620579392
-0.034173996436890446,-0.1650320092530145, 0.1891305931819166
-0.03430529690970841,-0.16497347939825444, 0.19008722580287482
-0.03698006103110415,-0.16369245044572037, 0.1910979052063519
-0.039067562191479,-0.1626516887614844, 0.19215921975652153
-0.040191268201012646,-0.16207046931429528, 0.19324459900807467
-0.04350465378935735,-0.160233066131119, 0.19431967800124647
-0.044318452379193594,-0.15974296924612827, 0.19535901952374163
-0.04596568643063,-0.15871259532800622, 0.19634593921593024
-0.0480770917227401,-0.15731644681251197, 0.1972689319256422
-0.047993470130084044,-0.1573710433211206, 0.1981514123397559
-0.05089166720665422,-0.1554510925802574, 0.19900134226330277
-0.05238837002762806,-0.1543044849342867, 0.1998501360324047
-0.0541137139809204,-0.15288451371346864, 0.20071584518477986
-0.05566357609417128,-0.15150941426526762, 0.20162335757515412
-0.05689770318816616,-0.15040216413691201, 0.20258746629602714
-0.05839004594661841,-0.1490805948914257, 0.20360498759911394
-0.059299591789991675,-0.14825184060350008, 0.2046764114683362
-0.06137440305242177,-0.14622560839513532, 0.20576558515439972
-0.06288150411431934,-0.14456895459813168, 0.20684109908882312
-0.06461803283639826,-0.1426029614899066, 0.2078692991956551
-0.06559685982672221,-0.14149558721147779, 0.20884520770676648
-0.06683351220034296,-0.14007489414333307, 0.2097628622235191
-0.06779891618601912,-0.13883878947458633, 0.2106355602116385
-0.06896059849799634,-0.1372380048730517, 0.21149007314442125
-0.07088866003012978,-0.13456813180240823, 0.21234128422616233
-0.07097379206323849,-0.134447222971675, 0.21321171816761605
-0.07275807206604341,-0.13177681695833254, 0.21412781485266197
-0.07321579779097903,-0.13102357503173184, 0.2151045985314216
-0.07461811868341348,-0.12868129075050944, 0.2161390623020861
-0.07529366044027831,-0.12754443046231567, 0.21721211662277226
-0.0764842373991311,-0.12529173185030953, 0.21829635555197038
-0.07732082932435935,-0.12348307406875933, 0.21935989891068478
-0.07844723484783502,-0.1210933941945159, 0.22037272157210647
-0.07878825394201004,-0.12036524638304713, 0.22132914474963036
-0.07948460397252965,-0.11870250919971832, 0.2222306235645952
-0.08081416541347997,-0.11539495414558555, 0.2230953591245818
-0.08135074905543996,-0.11399860795613574, 0.22393892189531198
-0.08174032781084223,-0.1128508388012885, 0.2247983009374168
-0.08224060894462827,-0.11121738066278668, 0.22568105515047795
-0.08271896618099181,-0.10950147029957143, 0.22661106112851737
-0.08309791056560312,-0.10795236188737346, 0.2276001074058464
-0.08352127712269058,-0.10599171642955942, 0.22865029911539209
-0.08400877779287964,-0.10332271073995519, 0.22973238015350989
-0.08431532274214663,-0.10158236642926373, 0.2308136730546242
-0.08479402427983929,-0.09887429608495679, 0.23187076423150393
-0.0850203815107954,-0.0973710263525974, 0.23287370135645033
-0.08521137398861897,-0.09591415532678038, 0.23381716093090862
-0.08541795406681853,-0.09377647281103595, 0.23470535369104686
-0.0855477878928327,-0.09166656106533447, 0.23556029505260725
-0.0855909188147034,-0.09032350959450082, 0.23640748183160026
-0.08563249819219672,-0.08803117697543902, 0.23726576111407421
-0.08564380924654731,-0.08643027215885513, 0.23815835612202016
-0.08560479459095738,-0.0832548436610881, 0.23910162788518802
-0.0855681082563912,-0.08236061341358587, 0.24010468629481613
-0.08538986350673586,-0.07984441624159638, 0.24115852419565206
-0.08531111831444152,-0.07906786504838678, 0.24224391741433796
-0.08484144176716187,-0.07478574452416106, 0.24332706355643302
-0.08471216860942692,-0.07377402879689991, 0.2443762135476049
-0.08461868611479745,-0.07323904659405989, 0.24536668569070164
-0.08371188920999043,-0.06890893012932289, 0.24629878669173186
-0.08368923748125448,-0.0688131695364525, 0.24718304192333312
-0.08326271264998679,-0.06695703295858152, 0.2480350823251191
-0.0825497369572509,-0.06391529667406709, 0.2488818343107543
-0.08233083884611189,-0.06306285315490942, 0.2497456500458734
-0.08166309072472494,-0.06066097723294659, 0.2506486125200126
-0.08122885157813678,-0.05923440731866835, 0.2516054908438986
-0.08043487715769417,-0.05699599239959335, 0.25262322130898945
-0.07967334707464796,-0.054995604462969444, 0.2536854104349414
-0.07880536218091588,-0.05278032950513415, 0.2547763527548111
-0.07846896318649373,-0.05204066204522545, 0.25585373222241325
-0.07743728702970393,-0.05002062108765472, 0.2568903890500997
-0.07575083930485813,-0.04672635023009271, 0.25787423289196576
-0.07530738510447128,-0.045900792669014354, 0.2587958232444418
-0.07458095163742788,-0.04456579637743533, 0.2596759743638597
-0.07391849703832476,-0.04333063923577826, 0.2605262736173304
-0.07285594881758378,-0.04147631603442571, 0.2613731331212387
-0.07184027598123438,-0.03972973371006578, 0.2622410843845318
-0.07058892313779765,-0.03774487642267177, 0.2631504356359232
-0.06944267313042417,-0.03608525549483942, 0.2641175533311624
-0.06790390096937486,-0.03397941256634891, 0.26514474937987964
-0.06726584697711549,-0.03317690092716241, 0.2662144214533252
-0.06574349809662715,-0.031401714357207844, 0.267301272290677
-0.06458251697055088,-0.03011600412997121, 0.26837382746646704
-0.06361418631872824,-0.029080738407118327, 0.2694043517059459
-0.061576800727745365,-0.02694820311291021, 0.27037507522779264
-0.06019088679881142,-0.0254694536756614, 0.2712909447231722
-0.05828993545879373,-0.023509405985299627, 0.2721587395993909
-0.058161524767012564,-0.02338827047432618, 0.27301249168220154
-0.05633620021759096,-0.02180406963506937, 0.2738586040478823
-0.05404132211404234,-0.01996365139585928, 0.27473056628601916
-0.05286922617720786,-0.019016149951910793, 0.27564660682789466
-0.051892540750683114,-0.01823462255457596, 0.2766264950511762
-0.05091638356238638,-0.017502230075459747, 0.27765932822852296
-0.04784484833986502,-0.015272043949871212, 0.2787327975538223
-0.04620480727226903,-0.014172431548409085, 0.2798197193602046
-0.044616378354010354,-0.013170188907883445, 0.2808762821494284
-0.04296895136084644,-0.012129148776029008, 0.28188579215234955
-0.042403079383752734,-0.011783447733533037, 0.2828349796181928
-0.039346584505466124,-0.010117603528934415, 0.2837349485652322
-0.03858108183267758,-0.009750080087915934, 0.28459810816866776
-0.036673327958164886,-0.008903062322819741, 0.2854444232792868
-0.035536181706852375,-0.008405221951305171, 0.28629807696948273
-0.033893985574775444,-0.007696608734060331, 0.2871852463086827
-0.032276315607816825,-0.007006237243930377, 0.28812099370865923
-0.029665031576489975,-0.0060845087508856555, 0.28911454266861614
-0.02701425228968629,-0.005240290590687683, 0.2901616975775054
-0.025885091099246398,-0.004848596929504769, 0.2912455630750017
-0.022877543842540524,-0.0038639446044152932, 0.2923310247154237
-0.021257232609467436,-0.00337626594923563, 0.2933893697201265
-0.019013724103048107,-0.002797490783281141, 0.29439076671323905
-0.01786917858942099,-0.0025513596046491008, 0.2953338467882456
-0.015931206531847944,-0.002142680261020119, 0.2962262808454588
-0.014367622969865754,-0.001860368450508608, 0.29708523942552906
-0.012230699598313344,-0.0015138429282509102, 0.2979296083776734
-0.010380729673414843,-0.001199935051919458, 0.29879012195998716
-0.00796296294998095,-0.0008868646988689313, 0.2996847494609931
-0.005652801476780382,-0.0006844717212742773, 0.3006262976511952
-0.004814050929636521,-0.0006238248077327541, 0.3016311478998732
-0.0007410462220449263,-0.0003463037540084436, 0.302688694097202
0.0005738635228557086,-0.00032786154799956097, 0.3037694656948672
0.002256424826452265,-0.00039134086723353477, 0.3048467979934172
0.004073548428442744,-0.00047091207896952876, 0.30588713694617065
0.00723930121352016,-0.000618941731719545, 0.3068715129947537
0.007385661749323496,-0.0006318620264722769, 0.3077958386787479
0.011141749216718224,-0.00108106909039302, 0.30867011860862686
0.00979275013521408,-0.0008914537937843828, 0.3095233098780997
0.01351599029172336,-0.0015493233473884947, 0.31037024567080057
0.015363569324834441,-0.001860892597280785, 0.3112361972426489
0.01735285555944326,-0.0021671959679627666, 0.3121456981331591
0.01866305368516427,-0.0024315211414268584, 0.31310675958264905
0.020837024102581245,-0.002956527177063098, 0.3141319250940275
0.02398841525896368,-0.0037848506395557384, 0.3151998242224073
0.024974005283365536,-0.004087089810407114, 0.31628669194961767
0.027259943768401605,-0.004816147719794941, 0.3173584894564124
0.028702768027374294,-0.005283749416670208, 0.318391377966704
0.030534535917384056,-0.005923412574530283, 0.3193623137561716
0.033009517938843304,-0.0069252894021326564, 0.320279687688481
0.034475154388539625,-0.007600863879896333, 0.321151126047431
0.035498202382690094,-0.008069333376740949, 0.3219998220556959
0.03836426580272433,-0.009367435192863075, 0.3228486588054905
0.039156231997852176,-0.009755768444635878, 0.32371912711580497
0.04087709675163165,-0.01070413334379816, 0.32463673175123614
0.042186036523344385,-0.011485076797780047, 0.32561134437658135
0.046039936247063866,-0.013836678950153142, 0.32664123338308754
0.04586060540394178,-0.013717721438577073, 0.3277163335034599
0.047633341279891994,-0.01492793255281913, 0.32880113324322957
0.049877491732466285,-0.016418247558064848, 0.32986057211319403
0.051227988591258294,-0.017384567371677803, 0.3308734140577907
0.05221210979979514,-0.018161355392856307, 0.33182395868727527
0.05480371115166345,-0.020246305854602447, 0.3327254127091482
0.056528620138382814,-0.021646503252829342, 0.33359001658833715
0.05726418948664695,-0.02228364440987044, 0.33443644219432694
0.05831081871442437,-0.023260099983867636, 0.335292693327293
0.060545839958733604,-0.02544911570635941, 0.3361800401524954
0.06234579772219166,-0.02727621608522972, 0.33711403259090245
0.06305021857850028,-0.028017240665276395, 0.33810938471677476
0.06446328385437038,-0.029536485631321892, 0.3391580835813722
0.06567024836500876,-0.03090283168106201, 0.3402423193940094
0.06666784795731631,-0.032102636098240725, 0.34132744560880857
0.06854466831556884,-0.03457125171850145, 0.3423810056045369
0.0687105800883763,-0.0347919161154872, 0.3433863864852846
0.06997310387353463,-0.03651957935466199, 0.34432825327639105
0.07106813681558351,-0.038175303308133963, 0.34522293370241697
0.07297184175101075,-0.04123092339269971, 0.34608207953707704
0.07339576025431244,-0.04196944427164202, 0.34693313796707226
0.074603988312866,-0.044012720321394104, 0.34779212496128864
0.07592615441493261,-0.04625371326256438, 0.348687663542915
0.07646895135623709,-0.04724621424424479, 0.3496304221600295
0.07782439160781306,-0.04989907582073933, 0.3506342610833497
0.07836854420754023,-0.05106672033563927, 0.35168961655947634
0.07847709602948885,-0.05132081686986764, 0.35277540945721897
0.07980068148358241,-0.05470773130358355, 0.353854512821854
0.08026078841283175,-0.05584764370365267, 0.35490412678060723
0.08144028899447846,-0.05892538092745379, 0.3558968528754025
0.08111997869963024,-0.05795193646273574, 0.3568291071188284
0.08229193745132178,-0.06174097533409874, 0.3577122787577927
0.0827897330043865,-0.06356280915660256, 0.35856839686015035
0.08313272207821014,-0.0649871836564381, 0.3594175323185304
0.08350219536223041,-0.06668286580989985, 0.3602782216391788
0.08400577006523437,-0.06922322631825992, 0.3611749705788045
0.08460719453873446,-0.07229626767949962, 0.3621217127744143
0.08454608696084837,-0.07197002745991535, 0.3631320328241967
0.08506662297370268,-0.07531159893072449, 0.36419289334724425
0.08522222780219432,-0.07652433425611167, 0.36527936935941246
0.08550633355876171,-0.07934098278769894, 0.36636054348510544
0.08554806457599029,-0.08011581561669667, 0.3673987507276301
0.08564874473771997,-0.08277611755156511, 0.36838117205335064
0.08566514028588786,-0.08339890239201721, 0.369305321728931
0.08562782692503267,-0.08607227696916353, 0.37018080033365053
0.08548478518276306,-0.0889579389638637, 0.3710356663675182
0.08526426440373606,-0.09206962495607782, 0.3718817727475648
0.08518304957592958,-0.09335139885916933, 0.3727485846926596
0.08502576033839454,-0.09513831579010824, 0.37365553949010544
0.08484094553954237,-0.09663289502228822, 0.3746220637474693
0.08446034336769435,-0.0993382242866, 0.37564272618188066
0.08418584880307955,-0.10104542523228062, 0.376711887455664
0.08390796896859763,-0.10284352886374994, 0.37780235094719605
0.08375305909454007,-0.10358094220010301, 0.3788767420724017
0.08280695191360056,-0.10768423302032139, 0.3799083474301875
0.08273810425328468,-0.10796726651861478, 0.3808806406402326
0.08224300023015173,-0.10961329518876553, 0.38179877322909705
0.08134544838060963,-0.11240141807308843, 0.38266354167247757
0.08082977141161282,-0.11386745925465815, 0.38351225916182274
0.07997352118255296,-0.1161520683792969, 0.38435789892645694
0.07916535248375346,-0.11820383919460638, 0.3852257385164812
0.07865742646362735,-0.11940608035309468, 0.38614615638602623
0.07792404007047805,-0.121172452161433, 0.3871212487147304
0.07721267600663487,-0.12277710778138555, 0.3881524475559581
0.07629404940952467,-0.12448635060781187, 0.3892291649451765
0.07451168122858451,-0.1277048677206476, 0.3903189449983683
0.07448027200908203,-0.12776115684200184, 0.39137999729191364
0.07297997686924859,-0.13038921399517517, 0.3923893936072619
0.07196295749617658,-0.1320631086364832, 0.3933406383379657
0.07200503094655782,-0.13200217469437686, 0.39423845218090914
0.06933516500742122,-0.13572819534528782, 0.395100112697697
0.06862362873841428,-0.13671787406278535, 0.39595217519894643
0.06772965346845697,-0.13787879882121465, 0.39680815315846796
0.0661744282570898,-0.13983050065546643, 0.3976939898240569
0.06540549256616068,-0.14078390535990468, 0.39863085315949215
0.06379306579010913,-0.14268916810541135, 0.39962538683580945
0.06252934468809451,-0.14408824386781785, 0.40067546428839856
0.06028526001827243,-0.14648717512471063, 0.40176121087973915
0.05983709526826179,-0.14695756627266454, 0.4028453945711093
0.058552141875163555,-0.14824714738372366, 0.40390264591330355
0.05679399167795872,-0.14989959731005134, 0.40490586398742745
0.05602478248547557,-0.15058264063283547, 0.40584641530049287
0.054858398121134175,-0.1515580864678117, 0.40673480621784214
0.05200892563573325,-0.15380228705127302, 0.40759596172577833
0.05017440090247885,-0.15518169697469514, 0.40844436543083384
0.04909385714195323,-0.15592812400848663, 0.40930284410558876
0.04804640765669101,-0.15659346829331272, 0.41019282600190604
0.04463945584310094,-0.15871081274220597, 0.41113890612270954
0.043419041017715654,-0.1594588744682892, 0.4121443346056563
0.042446925332381646,-0.16004710598713173, 0.4132030920299961
0.039788593352872506,-0.16155948258876476, 0.4142895023654017
0.0390110644212713,-0.16197186700084198, 0.4153686739516455
0.03731160280420557,-0.16284643083403796, 0.41641330729262205
0.035617820621611965,-0.16362322649109923, 0.4174017771601425
0.03413160735204475,-0.16426155333422643, 0.4183287952045109
0.03174605207414858,-0.16526706132396113, 0.4192080162383343
0.030639156010828596,-0.1656949850845236, 0.42006344164347187
0.028420102101533624,-0.1664741305994371, 0.4209110998695638
0.02550845213394179,-0.16741487074064515, 0.42177890252591027
0.023773838100252288,-0.16793804562890005, 0.4226880858205265
0.022097811775378597,-0.1683838678680601, 0.4236491310456968
0.020679564934101443,-0.16874988367808003, 0.4246707292214181
0.018346887551130817,-0.16924532858146546, 0.42573480879762826
0.015962882509455004,-0.16963469680004015, 0.4268215362444676
0.014024640702583063,-0.17000603576159634, 0.42789478617884213
0.01272614420077237,-0.1702382546392285, 0.42892454247574063
0.009763221441054227,-0.1706477703771939, 0.42989750342803823
0.009562266988865973,-0.17066971493628938, 0.4308119218072655
0.007337893180917485,-0.17085728862660138, 0.43168535400792396
0.005605931303512456,-0.17096019169424082, 0.43253220548260884
0.0025159191393205015,-0.17105278680516958, 0.4333828271015639
0.0019893924045543713,-0.17105038712852827, 0.43425130517001853
-0.0008254752281031128,-0.17102265315043666, 0.43516703826360553
-0.002509800827217826,-0.17099483414823285, 0.436140521152048
-0.005299098122381047,-0.17087291229518572, 0.43717379217009933
-0.008042858042765211,-0.1706415620150993, 0.43824501541524385
-0.008213236288183868,-0.1706208875441418, 0.4393272043352159
-0.01016340735210575,-0.17036228088222505, 0.44038931556684074
-0.011287354325111257,-0.17018886370504419, 0.44140241979415734
-0.014956840873215214,-0.16960370887500537, 0.4423564704519722
-0.01525452671310208,-0.16954789147264354, 0.44325755089038243
-0.017522309871243556,-0.16898731798639235, 0.4441211801871694
-0.020705439457091537,-0.16816447162458856, 0.4449669659144479
-0.021555951419940548,-0.16792783832181077, 0.44581746075554046
-0.024664860030387144,-0.16697007444726553, 0.4467005100140031
-0.02575783398932297,-0.16662961494490267, 0.4476338192261426
-0.026388613956538635,-0.16641690151004943, 0.44862944895935275
-0.02843632519516401,-0.165679097008474, 0.44967546667792097
-0.03107493083589649,-0.16466368372654247, 0.4507601850766081
-0.03367283915041609,-0.16357387268767087, 0.4518409608736214
-0.034434679648774606,-0.16322977444891848, 0.4528977548592185
-0.03581352360131895,-0.16256068644290345, 0.4538980380989329
-0.03872672048282333,-0.16111875336408818, 0.45484361920929883
-0.03968329822217833,-0.16063515227947964, 0.4557350637072298
-0.0413507909461388,-0.15969957245635716, 0.4565967874603406
-0.04352885743106191,-0.15837823204513868, 0.45745008118663183
-0.04436925063537246,-0.1578700092762914, 0.458307531512134
-0.04765140203187866,-0.15566994143646673, 0.45920047865028174
-0.04826945712857515,-0.15522344869656854, 0.46014423169723223
-0.050357091878599256,-0.15379549570594042, 0.46115014431539864
-0.05187116091072807,-0.1527181415743285, 0.4622062440405312
-0.053390875479304656,-0.15158729758688774, 0.463289170298362
-0.055324049048809484,-0.15004738717977628, 0.46436779945539025
-0.05571578529461116,-0.149699903254069, 0.4654067740970587
-0.05720080265712624,-0.1483921914310199, 0.46638951191225636
-0.05923262435365406,-0.14654968999470783, 0.4673181839978526
-0.05994623589680871,-0.14585219179226064, 0.468199101730603
-0.06204824171599919,-0.1435211205327713, 0.4690518777285839
-0.06333770427632676,-0.14195106933459467, 0.4699014404481051
-0.06389889237402115,-0.1412985047263333, 0.4707704671465118
-0.06611060436287075,-0.13864641628550287, 0.4716783525589112
-0.06736817465386165,-0.13705856992921597, 0.472641666015022
-0.06758958637185378,-0.13676811997319108, 0.47366587381834624
-0.06897685716523902,-0.1348556159474248, 0.47473332388266287
-0.07125797612624438,-0.13166297408773855, 0.47582129482551
-0.07150132367068422,-0.1312939932786346, 0.47688996854827304
-0.07309674816406533,-0.12868703312170648, 0.4779234387328851
-0.07298034688629015,-0.1288827330545707, 0.47889543036776794
-0.07467103535394472,-0.12592545696541052, 0.47980835686345585
-0.07597238655658559,-0.12354516784900146, 0.4806785150097887
-0.07638296930896397,-0.12274913775390768, 0.4815319109425554
-0.07733391608495954,-0.12082084033939124, 0.48237915937925957
-0.07797907018526205,-0.11942650018057593, 0.4832527736430176
-0.07862956144574292,-0.1179071283099149, 0.48416694680215516
-0.07914907893849844,-0.1166394925634411, 0.48514335842639844
-0.07970785273415569,-0.11521849711690561, 0.4861716090722467
-0.08089740505547229,-0.11171057532451191, 0.4872448667088599
-0.08128235281171027,-0.1103992974978785, 0.48833210462130766
-0.08177731466771497,-0.10870405065918656, 0.48939908776241814
-0.08232036501536068,-0.10669729256701867, 0.49042069035311936
-0.08270826877445842,-0.10499052081630882, 0.4913870478991946
-0.08330882404807716,-0.10194137150426173, 0.4922975419893077
-0.08357944254703518,-0.10042466326784151, 0.4931681127804409
-0.08371403870354602,-0.09957984505276905, 0.4940165004822645
-0.08423635929650568,-0.0960945780267022, 0.4948685855473409
-0.08450444276050142,-0.09413931378340874, 0.4957452670381828
-0.0845686981657793,-0.09359373099457294, 0.49667088387825953
-0.08477086205470738,-0.09039380633833886, 0.49765422522334135
-0.08482211302857741,-0.08733617182443258, 0.4986960837849519
-0.0848304618498313,-0.08691250704544394, 0.49976992623329497
-0.08484307663280236,-0.08483913297195701, 0.5008537775065437
-0.0848306413001592,-0.0830267075672682, 0.5019145024517399
-0.08480259974790787,-0.08029568221098181, 0.5029281670398028
-0.08473885154529516,-0.0792668051298281, 0.5038768318645072
-0.08446664520669311,-0.07668136118357996, 0.5047732796975061
-0.084150021441613,-0.07403428145965772, 0.5056384412181694
-0.0839789757290909,-0.07279707484024256, 0.5064861945710657
-0.08373671809899279,-0.07134884623732227, 0.5073391861241413
-0.08344095356995128,-0.06979733006819892, 0.5082214161798728
-0.08267435058423095,-0.06623588662979997, 0.5091532633858963
-0.08259717518091464,-0.06591285674988132, 0.5101432771020357
-0.0817677886066424,-0.0626239545304148, 0.5111925252280981
-0.08140736945205977,-0.06140412166481313, 0.5122731076643299
-0.08099820334031668,-0.06018934124649615, 0.5133567209719206
-0.08013640284362539,-0.057737542741588085, 0.5144131192726165
-0.0796172187609229,-0.0562483758110507, 0.5154201174001192
-0.07862253723893503,-0.05354299566881232, 0.5163690000020466
-0.07819447868440683,-0.052483294943409586, 0.5172626063453356
-0.07675938615367124,-0.04917641805833228, 0.5181211162605653
-0.0766187782465993,-0.04887865710216752, 0.5189656209536007
-0.0756139596517226,-0.04682096242031707, 0.5198233568489208
-0.07494032375098589,-0.04555039680914076, 0.5207136489321892
-0.07333946339516695,-0.0428841687991844, 0.5216565055345929
-0.0730433245861729,-0.04238760284376592, 0.5226614505790431
-0.0713655985814356,-0.03965402403204396, 0.523720986126861
-0.07025108445801793,-0.037862543104358465, 0.5248068295996605
-0.06950627570707496,-0.03670565773154855, 0.525882313261394
-0.06858441958869366,-0.03545063852887412, 0.526922389220706
-0.06803173199740603,-0.03472216260586159, 0.5279076441135694
-0.06554710192959169,-0.03153245085756788, 0.5288322518665126
-0.06446510465212321,-0.030269904442146733, 0.5297108355315373
-0.0640461369281513,-0.029791228234055868, 0.530563600047946
-0.062247469495249945,-0.02780328438679739, 0.5314112522539173
-0.060841642284704345,-0.026355399138284663, 0.5322774238565553
-0.059905793562428845,-0.02540814922051135, 0.5331860833697828
-0.057573267174917384,-0.023097301054134815, 0.5341500394720914
-0.055834673116628986,-0.02136877642095673, 0.5351727973841455
-0.05552019607592843,-0.02106691884470109, 0.5362415011138527
-0.05282389248934803,-0.01874113380169619, 0.5373266318656168
-0.052259232365158316,-0.018313236425993158, 0.5383980848566307
-0.050802424109825856,-0.017279957272607945, 0.5394284302412452
-0.048636826694101264,-0.01572753524293204, 0.5404019191718298
-0.0457453016186848,-0.013626342946104888, 0.5413183565081413
-0.04560358928547749,-0.013527943261346822, 0.5421894806878694
-0.04406959748370983,-0.012578236678015142, 0.543041672931599
-0.04183884483353473,-0.011212675757973075, 0.5438934545919858
-0.039276165775687724,-0.009611197707756054, 0.5447671061211891
-0.038936108341094,-0.009419004692534299, 0.5456843378000515
-0.03610791847339876,-0.008123878781782407, 0.5466551682407624
-0.03635099965549186,-0.008221934676580504, 0.5476858980025434
-0.03336255187452553,-0.006985522413822972, 0.5487577444388184
-0.03135181172270343,-0.006166376232414389, 0.5498408611144899
-0.029254533023987988,-0.00531328947744621, 0.5509093899109033
-0.028418268131288685,-0.0049960935928928555, 0.5519288469455439
-0.0256792703509162,-0.00414262044710388, 0.5528935222911443
-0.022403444181073554,-0.0030862491797633406, 0.5538009319106819
-0.022681617704559683,-0.0031853036234458297, 0.5546676028265249
-0.021216532822593913,-0.0027478559681701096, 0.5555148514133175
-0.018698548494540855,-0.0020968022170735, 0.5563653841017465
-0.016947732363058365,-0.001689110789918581, 0.5572427074203253
-0.014463587745098986,-0.0011990798816586064, 0.5581673321294687
-0.011994910751387217,-0.0007111660688783089, 0.5591531886619875
-0.01141821002700132,-0.0006077215696207694, 0.5601922874713728
-0.008724263800955194,-0.0002250571107995712, 0.5612692339016602
-0.0071098034788029596,-6.0787046393959284e-05, 0.5623592966315616
-0.004574857517633918,0.00014685787925127654, 0.5634216840721218
-0.0031730033896032327,0.0002386672946992733, 0.5644312609466515
-0.00044488209786582196,0.0003245556225494407, 0.5653838615130371
0.000815450009540458,0.0003553411668563551, 0.5662846007948877
0.0032667792181220786,0.00038405708147987714, 0.5671462233413508
0.004037239380400422,0.0003697608830436508, 0.5679925732668616
0.00664438180796962,0.00023759540969220006, 0.5688416842676152
0.007727785686693378,0.00014652082801953946, 0.5697241847492888
0.011718709575404562,-0.0002393592811462917, 0.5706594673440057
0.012139765171049565,-0.00029045226767000174, 0.5716516312984637
0.013463008455562439,-0.0004962472189011913, 0.5727022056331051
0.01582636091437752,-0.0008974677620996194, 0.5737848637186007
0.01950608406684672,-0.0015533570784280301, 0.5748675725463644
0.021090093327672033,-0.0018813026344669575, 0.5759263376187274
0.021759887967106692,-0.002032155260890498, 0.5769305003813645
0.023333909783273026,-0.00245998940201655, 0.5778754891923603
0.026283223239832745,-0.003308117367647946, 0.5787694186294661
0.02944148542666132,-0.004204902358737969, 0.579627817063963
0.02926085617507447,-0.004144567693577718, 0.5804708668295476
0.03218134797861117,-0.005171283765733232, 0.5813279303350753
0.03284879206574187,-0.00542386232709279, 0.5822211326533117
0.03520048860118765,-0.006441842283221663, 0.583164004733297
0.03776689111036667,-0.007587177315374123, 0.5841679083554153
0.04008883379730442,-0.008675373433951312, 0.5852267448929691
0.04059116567464019,-0.00893684429689632, 0.5863133498565061
0.04263498080735289,-0.010075748035035218, 0.5873940646759536
0.044202621056382785,-0.011043280680701827, 0.5884356836126424
0.04580515938135205,-0.012074377258494591, 0.5894228223473336
0.0482092592324049,-0.013633334558293537, 0.5903489692430707
0.04943450850239466,-0.014460594999615542, 0.5912253827167078
0.0509766924355846,-0.0155808426854167, 0.5920710354865496
0.052710334278991515,-0.016899364312399173, 0.5929225226247447
0.05331680042544386,-0.01735337709536857, 0.5937907782470253
0.055549899270533,-0.019083013596899297, 0.5946994463717509
0.0573725254932753,-0.02060936019331984, 0.5956639349239772
0.0578220520240266,-0.021002314025907513, 0.5966869893256072
0.0611023526521544,-0.024052185602548563, 0.5977556896269681
0.06183876636336901,-0.024762818705845912, 0.5988477432160114
0.062119149848546336,-0.025053703355920803, 0.599925058933265
0.06368134372725262,-0.026837248669242524, 0.6009599268153121
0.06447187733207226,-0.027722458231279085, 0.6019309586329479
0.06695684521584293,-0.03068713949749451, 0.6028440109001236
0.06755815084698609,-0.031450692722876365, 0.6037173498344068
0.06876077390621753,-0.032936344413746176, 0.6045636589739389
0.07015223130173057,-0.03471373427868392, 0.6054146251528516
0.07156851403052236,-0.03663166765874809, 0.6062866829291618
0.07261337051691566,-0.038192849163543985, 0.6072022342673918
0.07416765265969244,-0.04066623638916003, 0.6081793648035253
0.07461209727139756,-0.04140353224708533, 0.6092185663422414
0.07495540173151409,-0.04203437279181928, 0.610293294248463
0.0768584293740024,-0.045565675766922255, 0.6113811580212183
0.07734045032549097,-0.04644711946492008, 0.6124432897818142
0.07815803426418733,-0.04814573467400445, 0.61345778584589
0.07856420673814207,-0.049108655059293696, 0.6144124426677365
0.07903842525518948,-0.05021405738263107, 0.6153136391911314
0.08080772089416509,-0.05460038202492974, 0.6161772091866149
0.08128019355564477,-0.05581760190085329, 0.617026647414811
0.08187655167531678,-0.05737251396783294, 0.6178812600813022
0.0826731574935739,-0.05977324198640925, 0.6187657191370887
0.08303046295511626,-0.0609343496725637, 0.619699043331605
0.08371245459099436,-0.06339626534450572, 0.6206924259788115
0.08402544475436328,-0.0646178891654289, 0.6217421270134227
0.08449243267515705,-0.06647473255442798, 0.6228197315355126
0.08526505527431692,-0.07002857083378373, 0.6239059627198387
0.08530485142482387,-0.07029492073286378, 0.6249627365349509
0.08559631044343688,-0.07291597865695909, 0.6259660358405185
0.08579386425736166,-0.07448676337645717, 0.6269115709297531
0.08600130742128927,-0.07620034530663125, 0.6278063130019806
0.08618954666474171,-0.07826368403304627, 0.6286635815520215
0.08636285890408033,-0.08096926038054275, 0.6295117310803067
0.08645746047906257,-0.0829441294071827, 0.6303707138877114
0.08650730605184184,-0.08505295441586663, 0.6312645088453732
0.08648023855471254,-0.08725678484958665, 0.6322042028515475
0.08646697546756622,-0.087501693975968, 0.6332093952021903
0.08629506651064374,-0.08911546349655534, 0.6342613145003969
0.08603946102052894,-0.0915653636542327, 0.6353474637099557
0.08575846658337817,-0.09481618140427221, 0.6364303159048574
0.08553048459096828,-0.09694785156236359, 0.6374772890515891
0.08540037308525994,-0.09800186087264103, 0.6384705677855655
0.08518294510826811,-0.09941341196641602, 0.6394031958955253
0.08467864316432747,-0.10195198542736232, 0.6402871653333239
0.08411445190461414,-0.10447855670498261, 0.6411412705724178
0.08361180445266876,-0.10657305295704188, 0.6419873576036735
0.08350272035694517,-0.10695309884502774, 0.6428506031009522
0.08281529665857283,-0.10921238375607879, 0.6437512438817082
0.08218035129749962,-0.11120542343292615, 0.6447008129842641
0.08144722582167854,-0.11343336225631503, 0.6457140661224129
0.08086047622950479,-0.11507438311245627, 0.646776648467893
0.08056195390865116,-0.11575751456398334, 0.6478648294786402
0.07943532518492574,-0.11815709058454159, 0.6489415377836898
0.07888981926457432,-0.11936787052267751, 0.6499837555824456
0.07717922975366251,-0.12293550147592051, 0.6509693971070204
0.07659187395956824,-0.12410719144340336, 0.6518955349145883
0.0760377998285948,-0.12518244317484506, 0.6527721426862412
0.07477460750057424,-0.12740611512750732, 0.6536230557498591
0.07284870119908787,-0.13065190893005085, 0.6544683250581045
0.07206600275672674,-0.13193757457048785, 0.6553349836143255
0.07125245245852466,-0.13321107089612455, 0.656242615960957
0.07004120761241453,-0.13503222994807274, 0.657204579461632
0.06929292449369524,-0.13613795762553804, 0.6582300017929377
0.06884066993506824,-0.1367546472282922, 0.6592973448845234
0.06698370970622305,-0.13909665472594962, 0.660385213477846
0.0647228679948665,-0.1418139464785102, 0.661461043915601
0.06426823508386431,-0.14233035635019883, 0.6624918574923642
0.06331037570940615,-0.14337070091893817, 0.6634672232553078
0.06289605043096524,-0.1438010742896457, 0.6643846436843562
0.059967166182852465,-0.14647141113965687, 0.6652579984883898
0.059153589246913836,-0.14717895234932557, 0.6661056886087424
0.05685877648470001,-0.14919759687722497, 0.6669516565860336
0.05562266282591199,-0.15025548869786737, 0.6678244771050147
0.05409932052055744,-0.15153777901886023, 0.6687426030875208
0.05456859185393337,-0.15116947733962824, 0.669716877480402
0.05285152032141108,-0.15246296631365328, 0.6707478590813448
0.049655470329956854,-0.15485563344509767, 0.6718275607265008
0.04715620460682908,-0.1566382225302356, 0.6729144284651764
0.046923088393603464,-0.15679337472631144, 0.6739766545474024
0.044166630786248336,-0.15855571294588688, 0.6749923957683841
0.042656051922669753,-0.15943174810070432, 0.6759449639105157
0.04170063982945366,-0.1599369693553989, 0.676842005982015
0.04153101134915966,-0.1600242260288382, 0.6777064122306397
0.03847499212652404,-0.16153244733526798, 0.6785550215797378
0.036253668507187586,-0.16258817911044554, 0.6794100967512423
0.03386498139866576,-0.16360247020917038, 0.6802921412104801
0.031985231838768974,-0.16437336939187816, 0.6812259464370153
0.031270830351553286,-0.16467651534071345, 0.6822213556704331
0.028595988251623752,-0.16565535333556183, 0.6832721151314157
0.025815175005450622,-0.16652592313926715, 0.6843552851205464
0.0252976460405194,-0.1666836304231098, 0.6854404116812424
0.0226116971946297,-0.16746490880928472, 0.6864930273712143
0.02164647585318482,-0.1677209911544593, 0.6874942104874442
0.017725499364240636,-0.16857038231349483, 0.688435732849451
0.017039346379429592,-0.16869807715419105, 0.689327251954973
0.014217108657083134,-0.16924758421086591, 0.6901831616854275
0.01390531123045552,-0.16930221630708822, 0.6910286449753
0.011607535163650779,-0.16965935467629234, 0.6918878562304736
0.009331825319577275,-0.16997549024588057, 0.6927811515562218
0.007987518416014094,-0.17009488190397884, 0.6937285901470138
0.004881362145834958,-0.1703377204865599, 0.6947302448461805
0.0037918527388478888,-0.1704024086955704, 0.6957874032846623
0.0018200875565649493,-0.170419655740348, 0.69687394604919
-0.0011323537995141636,-0.17037166036582552, 0.6979512449399268
-0.002961283538728705,-0.1702740489210723, 0.69899096248642
-0.004814513931383093,-0.1701277984908808, 0.6999749367606496
-0.006186380350762256,-0.17003833079188782, 0.7009001998862001
-0.0080570085518911,-0.1698894987737654, 0.7017798310378822
-0.008964043684989712,-0.16979946416494074, 0.7026329861401871
-0.01125486377965509,-0.16954295639368194, 0.7034808401481665
-0.015183710994959966,-0.1689268684490178, 0.704345086748683
-0.01617602954905709,-0.1687270145550239, 0.7052498381039299
-0.017532389050657828,-0.16843199034854037, 0.7062160452293016
-0.019302202679087593,-0.16801078924603044, 0.7072404389838016
-0.022264514805309263,-0.16719473598562096, 0.7083088554941146
-0.022997870569763764,-0.16698565402215013, 0.7093969885229174
-0.026065219231996197,-0.16600751475085232, 0.7104705290756271
-0.026850389345273028,-0.16573538996942086, 0.7115007746881158
-0.029039900963019376,-0.1649395650696577, 0.712473571635722
-0.0304344088260586,-0.16439092663846488, 0.7133901809408137
-0.03288135322916489,-0.16338016706739986, 0.7142625258956904
-0.03365027294250672,-0.1630534247071815, 0.7151145372664184
-0.035480730283766956,-0.1622286372773702, 0.7159650151043814
-0.03788121231965348,-0.16102761114866848, 0.7168395624285723
-0.039522455933940576,-0.16016750530814225, 0.7177548157668028
-0.040746787192261456,-0.1594676549864752, 0.7187267356025977
-0.043327963800855254,-0.15787116664841763, 0.7197620644528809
-0.04520335092161481,-0.15670817648254112, 0.7208364326728463
-0.04602366745781445,-0.15620725917949685, 0.7219209330955714
-0.0489370706560337,-0.1542924631664786, 0.7229865735172607
-0.049380523106776014,-0.15397082298298806, 0.724000926622096
-0.05188749682072349,-0.15205416217462933, 0.7249531891245277
-0.05297230099162216,-0.15121478042587003, 0.7258537820363524
-0.05486664137530985,-0.1496630523279014, 0.7267187810760689
-0.0558339370294715,-0.14884290628442967, 0.7275685352050081
-0.05718110744023293,-0.14768240593019866, 0.7284244552081391
-0.05891517837616597,-0.14601400671756673, 0.7293100891634084
-0.06014129676828964,-0.14475608370033333, 0.7302419596849916
-0.06145716264253233,-0.1433050532563936, 0.7312349531757494
-0.0627231598732702,-0.14191166908161174, 0.7322852014425406
-0.06393930464830559,-0.14059521804218544, 0.7333673834934947
-0.06595760115761497,-0.13831515499311503, 0.7344531123465384
-0.06671820288193063,-0.13739718345873056, 0.7355116540985883
-0.06811901910688888,-0.13557338423975623, 0.7365158846694208
-0.06994871094238413,-0.1330970849139965, 0.7374568158578241
-0.0703084663230755,-0.13256011814278826, 0.7383483254334079
-0.07151826552067474,-0.1306120600744427, 0.7392061581882736
-0.07191174612875365,-0.12997732418586636, 0.7400509890088937
-0.07315104620191892,-0.1279495459988344, 0.7409096519853153
-0.07433726130142654,-0.1258266015298774, 0.7418035838731237
-0.07511048427624097,-0.12436827000096554, 0.7427479443076277
-0.07635000264524346,-0.12202608215132499, 0.7437506660460266
-0.07697089253775798,-0.12082505391689181, 0.744805571218358
-0.07795128662363329,-0.11872101131181262, 0.7458891415875228
-0.07865836780150853,-0.11701447269474627, 0.7469597215198397
-0.0787854537933728,-0.11669586458742455, 0.7480002405243317
-0.0800947661598491,-0.11315372060749479, 0.7489840516663084
-0.08051209860713333,-0.11196603881766484, 0.7499127092019147
-0.08133978148265521,-0.10943349406150041, 0.7507911229798645
-0.08189677854887166,-0.10738501937404457, 0.7516440769587502
-0.08211262187187887,-0.10649475297177957, 0.7524916021229283
-0.0829341428403947,-0.10334045067862974, 0.7533600705160091
-0.08322928166476164,-0.10197613604087083, 0.7542660775709683
-0.0837360499789645,-0.09881570606663048, 0.7552315565780577
-0.08386398542502302,-0.09802855399559056, 0.7562542812720205
-0.0842813280694272,-0.09549500511689063, 0.7573205301140933
-0.0846571923429148,-0.09285799655828968, 0.7584112216316614
-0.08473747017165537,-0.09213032477175626, 0.7594858803378111
-0.08487008203786281,-0.08982003361071451, 0.7605180814915207
-0.08494708634242562,-0.08835617512949348, 0.7614947999647381
-0.08506656309462195,-0.08588937997681947, 0.7624123007346333
-0.08506319295470288,-0.08396804525419779, 0.7632869906292924
-0.08499049848692454,-0.08137284404695906, 0.7641374151190045
-0.08496529526119392,-0.0807030836770598, 0.7649905114174191
-0.08486982070302612,-0.0791223022682171, 0.7658603949359423
-0.08463503016359746,-0.07684288606791767, 0.7667756473922267
-0.08433374121312028,-0.07460080683233032, 0.7677459958863297
-0.08407018435581347,-0.07282779479132664, 0.7687755316374634
-0.08358800897957418,-0.06979434227504666, 0.7698426157483635
-0.0834990869533313,-0.06929833353701946, 0.7709312094363563
-0.08293713024948517,-0.06654725240835863, 0.7719953509862261
-0.08245600809096672,-0.06450720174980669, 0.7730192497139402
-0.0822956077318382,-0.06386067350897268, 0.7739809507423402
-0.08148480432840215,-0.06086807466645424, 0.7748870009306814
-0.08113929570795411,-0.05984484428849698, 0.775747233852307
-0.0800779512165595,-0.05678245908879083, 0.7765966653375445
-0.08002887690383242,-0.05663424087691354, 0.7774481270112591
-0.07908128431242026,-0.05405059755479316, 0.7783260400719516
-0.07847705170561976,-0.052536278033367835, 0.7792457696168482
-0.07708915667239172,-0.049156237785583826, 0.7802292589437386
-0.0764053230223993,-0.04757389653702202, 0.7812672235852818
-0.0767866091381019,-0.048343301988603364, 0.7823467064935389
-0.0744209401913437,-0.04382886074493923, 0.7834297959415384
-0.07383131840168121,-0.04269629906715652, 0.7844889575974446
-0.07269030888117774,-0.04072459730344912, 0.7854999067038742
-0.07168327144196658,-0.039098226476577146, 0.7864538154365298
-0.0701847749758629,-0.03672183555624081, 0.7873519833332994
-0.06995679769798682,-0.036374616945268286, 0.7882144567544104
-0.06873492040162554,-0.03467376105254776, 0.7890625913213339
-0.06799930671743887,-0.03371284996783424, 0.7899208579171519
-0.06666320832311334,-0.03196529831126618, 0.790807464330337
-0.06514878261185943,-0.030101018527935165, 0.7917410174219839
-0.06465192971429681,-0.02953210316830151, 0.7927410212108574
-0.06268333078943053,-0.027347076901591036, 0.7937892842894065
-0.06055612491540138,-0.024912030301423804, 0.7948699768187171
-0.06063544043927715,-0.02499458434768907, 0.7959535870977268
-0.057741818771387454,-0.022294598855972916, 0.7970102023880666
-0.05665008184288186,-0.021274470662750716, 0.7980127473344514
-0.054976188810630496,-0.019766086508089812, 0.7989565889040854
-0.053057976283874805,-0.018151040884145396, 0.7998455673846047
-0.05251723593222478,-0.017715887729734352, 0.8007061410132077
-0.051144599999392436,-0.016665654195784866, 0.8015529684728254
-0.04931952774743437,-0.01534027294018417, 0.8024142080280418
-0.04770191218254074,-0.014166315642720686, 0.8033055593044517
-0.046883572882175845,-0.013606163451317432, 0.8042497059892957
-0.04419274951013146,-0.011861551231068945, 0.8052533680336402
-0.04317002121318688,-0.011223965949837624, 0.8063084778967425
-0.04157034349608828,-0.010337511584215024, 0.8073987749856247
-0.04042307025056993,-0.009713235235814239, 0.8084755659387716
-0.03666293010202784,-0.007699871257385893, 0.8095145913813517
-0.03601707870831012,-0.007395658495346581, 0.8104981849053527
-0.033671905407819114,-0.006323914924802049, 0.8114244618166181
-0.030742539531040995,-0.005006832283689187, 0.8123055110691189
-0.03003069575112518,-0.004710448750830822, 0.8131569025174542
-0.02746638569114982,-0.0037231059474396775, 0.8140048372585157
-0.026430940573385422,-0.0033472702208643323, 0.8148744291681091
-0.02416558790499611,-0.002595488076703154, 0.8157865380129482
-0.022562536474074524,-0.002121528953041601, 0.816747859716928
-0.020794051061814083,-0.0016608087854075226, 0.8177696713358229
-0.01901205112184539,-0.0012663655327962017, 0.8188371201965275
-0.017041772673884455,-0.0008753999519302209, 0.8199244254759228
-0.015423525493379367,-0.0005690794214744932, 0.8209983913173593
-0.014059171904142319,-0.0003356241625025648, 0.822029692488612
-0.01090380399989453,0.0002006651648290535, 0.8230037557243352
-0.008454421731199252,0.0005689921736797269, 0.8239191514346063
-0.008111443545243601,0.000607107401644004, 0.8247965894331324
-0.004874611450267273,0.0009738284250604369, 0.8256454189804633
-0.0031084280273294433,0.0011072324344317463, 0.826495113221296
-0.0015902376781700331,0.0011493217575536659, 0.8273671087177644
-0.00013391604544081993,0.0011633281221414922, 0.8282822810188868
0.0026519656777195724,0.0011452320508940985, 0.8292548471181242
0.004532379784527038,0.0011414746218035557, 0.8302852792742976
0.0063638141261080855,0.0010784677891953693, 0.8313629735323087
0.007272223231642593,0.0010140593095736964, 0.8324490653244517
0.010698347737828217,0.0006470841246135615, 0.8335141694451521
0.012039909059371936,0.00044289612472911714, 0.834534777446224
0.014352933142859268,0.000137529240735303, 0.8354957717228748
0.016345379632259814,-0.00016957923299642537, 0.8364047099863776
0.01705276987492113,-0.000319431654492605, 0.8372701530775016
0.02015679911391407,-0.0010381619293822204, 0.8381196863154058
0.020809694233681206,-0.0012295296202259858, 0.8389701573076084
0.023263527340294642,-0.002011958568718363, 0.8398475772205855
0.026094604911520762,-0.0028457118198732213, 0.8407699431615567
0.028664489629632743,-0.0036532733308780718, 0.8417519321250677
0.02938253352331955,-0.003902052538037992, 0.8427888638847547
0.03084678191214228,-0.004457318950255469, 0.8438675580858214
0.0333176627660576,-0.0054167104495510265, 0.8449524625918428
0.03516893550970592,-0.006209753728495269, 0.8460187928272551
0.03631538460976038,-0.006783138341589817, 0.8470305269037716
0.03955516347064046,-0.008500790770653752, 0.8479812267227417
0.04022606804839521,-0.008847268209175037, 0.8488776906365634
0.04289347836184842,-0.01022072890478711, 0.84973814820714
0.04327495064930644,-0.01043191967118767, 0.8505868692338907
0.04557406361046677,-0.01179171787952472, 0.8514410324854258
0.04611389065437095,-0.01214162254373371, 0.8523278722370191
0.048453388070026866,-0.01376229742328153, 0.8532643504850099
0.051242999221476834,-0.015726788416425004, 0.854260746096762
0.05140606777931179,-0.015844021330452502, 0.8553130555598114
0.052641148613255265,-0.01680001965313703, 0.8563934319491421
0.0546519916318253,-0.018464011774164756, 0.8574773579774004
0.05611955295232385,-0.019758726326029815, 0.8585325810894258
0.05793777872618983,-0.021487958283701473, 0.8595351316677184
0.059108427988532074,-0.02263162929229326, 0.8604795282790875
0.06008805183471513,-0.02359868729182594, 0.8613714967443731
0.06182001324960104,-0.025397356962444502, 0.8622283003814981
0.0630702337642541,-0.026752984573446777, 0.8630720614640914
0.06446341935467677,-0.028243079849247607, 0.8639281016120883
0.06625781441505987,-0.0302861237559091, 0.8648218280574973
0.06667286218490731,-0.030801369698888123, 0.865764986975926
0.06883071169482533,-0.03356543869041482, 0.8667712483111796
0.0696354909235053,-0.03464844954492646, 0.8678269224292916
0.07102680170938819,-0.03659600310338648, 0.8689151361155837
0.07169586444597402,-0.037562486461802, 0.8699951721142312
0.07267819637479729,-0.03914834827505463, 0.8710362599373737
0.07347212348928012,-0.04051485327823302, 0.8720208110852176
0.07481905578397458,-0.0430162340202072, 0.8729455325374174
0.07540112604373941,-0.04413963597601628, 0.8738250866427799
0.0771093378134973,-0.047199355023056264, 0.8746761031544159
0.07704828224442604,-0.04708508708211061, 0.8755258616001691
0.07803659437811689,-0.04924483695343731, 0.8763904648826065
0.07897720234356105,-0.05158175051905218, 0.8772980433439637
0.07992892382862993,-0.053987605148296376, 0.8782614210895165
0.08031048061374958,-0.05499362150181723, 0.8792879367379447
0.08072597667453427,-0.056181448250747244, 0.8803595397174897
0.08150681365344281,-0.05868862972649602, 0.8814468049063389
0.08247317849620169,-0.06186246689775171, 0.8825228960482598
0.08269285208302252,-0.06254902536558644, 0.8835504137206384
0.08306660822031571,-0.06379761032302148, 0.8845215252593119
0.08361413416708284,-0.0660150557333472, 0.8854367195809855
0.08411460340496718,-0.06861160760427082, 0.8863075642293555
0.08438617654924441,-0.07025215091247336, 0.8871558704934617
0.08469835692747041,-0.07266750659845443, 0.8880014860999996
0.08485327486928138,-0.07441864240310762, 0.8888752806733273
0.08519635326472547,-0.07762739522140823, 0.8897910349720879
0.08543415895443951,-0.07959766854366193, 0.8907665081704611
0.08541670737168253,-0.0793690953720576, 0.8918053040085421
0.08556888585489986,-0.08317561475923975, 0.892882815183279
0.08557877199730593,-0.08434888160928751, 0.8939658316568152
0.08552335484516611,-0.08620590125386669, 0.8950263175992298
0.08548124843385532,-0.08803311547352678, 0.8960382198967894
0.0854496860221157,-0.0896542341740693, 0.8969925380380781
0.08536675010361032,-0.09112401073643957, 0.8978901059555447
0.0852379068209049,-0.0928497424324499, 0.8987516543413746
0.08501045832811643,-0.09506880386466375, 0.8995997657279563
0.08445176860248602,-0.09850462139447153, 0.900451408811834
0.08438043786717468,-0.09888288258091175, 0.901335452922109
0.08394433605935053,-0.10127045937345569, 0.9022658292032193
0.08340975508750821,-0.10389625361151623, 0.9032623192957634
0.08334728913803514,-0.1041895394296181, 0.904308409181913
0.08247725189164193,-0.1078637761821037, 0.905388944470966
0.08249841400635576,-0.1077959614160856, 0.9064728987723977
0.08123243610383929,-0.1114588747556132, 0.9075250887470907
0.08081065462832485,-0.11266231098181939, 0.9085281915468633
0.07982050017698279,-0.11537762140657434, 0.9094696848433927
0.0790582837311869,-0.11727794919058958, 0.9103581423899252
0.07812139986277632,-0.11942949703554054, 0.911213350845601
0.0776950942542499,-0.12036020889853957, 0.9120575820709768
0.07670949374310672,-0.1223612056462086, 0.9129167708007823
0.07644684848594852,-0.12288194433911717, 0.9138108366937069
0.07508470400081682,-0.12554804676225484, 0.914752738312564
0.07425806526884961,-0.1270623233066768, 0.9157528509143694
0.07320896636089498,-0.1287573651815047, 0.9168118918523642
0.07193436654106118,-0.13071836130774403, 0.9178991226406271
0.07105560034360586,-0.1320363823185847, 0.9189749707537693
0.07003648044379646,-0.13346134345443011, 0.9200126037945503
0.06861938898217021,-0.1353173434280828, 0.920995721538371
0.06780700948601612,-0.13638360332749988, 0.9219218343972269
0.06555185468408876,-0.13930829992547916, 0.922800821584719
0.06468856981087152,-0.14029895014663923, 0.9236535167265989
0.06359397335823246,-0.141520661203751, 0.9245021744189742
0.06294159293934182,-0.14223004112087875, 0.9253686479044203
0.06036050119418238,-0.14489402705486493, 0.9262775192220349
0.05873213248560675,-0.1465019418470921, 0.9272399313473839
0.058426704063677413,-0.14678904661020267, 0.9282600796314966
0.05637232660459395,-0.14874468735692808, 0.9293265319194592
0.05556863135763515,-0.1494777653449879, 0.9304127288926685
0.05348607077831467,-0.151170651691379, 0.9314880347596274
0.05243206904323594,-0.15196900035501443, 0.9325191726873707
0.05066588412357686,-0.15331913882242235, 0.9334960819793179
0.04838048513815002,-0.15505337082138607, 0.9344104744088207
0.047033210237004255,-0.15601264758820507, 0.9352844306020006
0.045846129361201866,-0.1568103533842376, 0.9361335904519397
0.04363675436915097,-0.1582084783058252, 0.9369870585467311
0.04158207822217641,-0.15944370593160068, 0.9378571952689142
0.04184696689285884,-0.15929613868548, 0.9387716987164549
0.03907456295626731,-0.1607283914653842, 0.9397497006308354
0.03605268431164685,-0.16217155548480466, 0.9407832756174143
0.034898549471679835,-0.16269000505535666, 0.9418557901219883
0.03376084062932916,-0.16320237749131816, 0.9429407882272979
0.031712379472354196,-0.1640887914290802, 0.9440035305195217
0.029750719626800762,-0.16482939581466746, 0.9450177957461721
0.027619513465973217,-0.16553177206784236, 0.9459734300295227
0.026616012632773113,-0.16584445842015114, 0.9468754469726316
0.02327621843990648,-0.16679841653412436, 0.9477405866836891
0.02154574768000948,-0.1672754179146059, 0.9485917339762778
0.021167895698657624,-0.16737177101850298, 0.949448419026728
0.018306690125780633,-0.16796826965373443, 0.950332632766527
0.01660150376429486,-0.168266195452747, 0.9512664268424751
0.014923269503795512,-0.16853779549411418, 0.9522626614092333
0.012984479389951682,-0.16886457689478068, 0.9533103899124954
0.010243431464311146,-0.16930080070513703, 0.9543939198806618
0.009151299946867978,-0.1694696388551263, 0.9554780610251586
0.007336244593985955,-0.169705930746758, 0.9565359901145526
0.004252235953604968,-0.16988378339224638, 0.9575378830825202
0.0036141212169794983,-0.16990377082208652, 0.9584864455306761
0.0021912627057339854,-0.16994223463258393, 0.9593790153706415
-0.0006704355928045711,-0.1699605870696828, 0.9602391137024685
-0.0022876197196747363,-0.16993683948597665, 0.9610850426010439
-0.0038905697196397176,-0.1698655710589365, 0.9619429025759316
-0.007027486460394257,-0.1696435288800983, 0.96283594534664
-0.009222683520674664,-0.16944094244157512, 0.9637797491633777
-0.010567664304474717,-0.16931237386698916, 0.9647833538219093
-0.012162435341264663,-0.16914842448607925, 0.9658356402215151
-0.0140300541365504,-0.16886874199860613, 0.9669171190520678
-0.016677124636063936,-0.16837803839459378, 0.9680023479062431
-0.01923697447047031,-0.16788056286906256, 0.9690489855272937
-0.020394798957617182,-0.1676164376192191, 0.9700426912421407
-0.021453047670179762,-0.16731708493834654, 0.9709775723647746
-0.024545768149425443,-0.16635766374377506, 0.9718610064107646
-0.026077239054375933,-0.1658823885468279, 0.9727167940795582
-0.028724502501733595,-0.16501963314549548, 0.9735669619027716
-0.02957930306982891,-0.16471622248319245, 0.974430066088541
-0.032807779986712256,-0.16349909761515702, 0.9753282906545983
-0.033752836734519946,-0.16312243063626417, 0.9762812951843518
-0.03575147160598187,-0.16225246992181003, 0.9772969723078049
-0.03669667163766207,-0.16181232881942198, 0.9783545755836929
-0.037396883912358875,-0.1614636501491563, 0.9794378258503605
-0.04024824202407624,-0.1599050732622457, 0.9805179893052601
-0.04144398877812742,-0.15925754411426457, 0.9815592521976926
-0.04298763926251733,-0.15841772037671425, 0.982540211694565
-0.04490992344430258,-0.15720808864129845, 0.9834655319633999
-0.04864130781526143,-0.15463566748507995, 0.9843417839844549
-0.04811954536589847,-0.15499531280080261, 0.9851922974348057
-0.05085084538006688,-0.15311589157636024, 0.9860400080774625
-0.05212319507087606,-0.15217673311103389, 0.98690543699513
-0.053904947545265196,-0.15072770178653574, 0.9878134887918647
-0.05564948121509971,-0.14925973011812677, 0.9887772631398354
-0.0572913059911711,-0.14783184971783295, 0.9898011849954128
-0.05727438475882116,-0.14784699475993146, 0.9908710022031847
-0.06023327463276867,-0.1451757868270739, 0.9919621339839756
-0.05975508085404828,-0.14565206122578325, 0.9930360282347733
-0.06237712474167957,-0.14279721259256908, 0.994067784101252
-0.06422775802941702,-0.14078473349837894, 0.9950411207752434
-0.06553827274024171,-0.13926867772793888, 0.9959564415945784
-0.06630704435747888,-0.13833112947900975, 0.9968293832669283
-0.06673312234626869,-0.1377911893412162, 0.9976788998303329
-0.06815039540659391,-0.13598399536086447, 0.9985283795288993
-0.06873762639340293,-0.13520638147625427, 0.9994035583405128
-0.070113103057209,-0.13319513161069918, 1.0003173675155232
-0.07233265500502004,-0.12966302862158022, 1.0012927218898384
-0.07216389903349821,-0.12994788184441447, 1.0023285449751205
-0.07471397819011022,-0.12556958888586267, 1.0034006806830362
-0.07460580657406558,-0.12576461175065576, 1.0044886015144725
-0.0751962864574609,-0.124641429033294, 1.0055505610034612
-0.07703322544002685,-0.12115284612619806, 1.0065655955918023
-0.07741312147023578,-0.12038994891363772, 1.0075209418722137
-0.07769061871694039,-0.11978677431264302, 1.0084221276023086
-0.0796268905702898,-0.11550237450129265, 1.0092843455881517
-0.0806394922966289,-0.11298813870814471, 1.0101327536022635
-0.08052606297964181,-0.1132935949078392, 1.0109876753090283
-0.08108085543554325,-0.11175713336583343, 1.0118721911096564
-0.08204360916472658,-0.10887634588917533, 1.0128119012335923
-0.08231036599195753,-0.10794994249602244, 1.0138048688074999
-0.08290058275362021,-0.10546201483586184, 1.014853633431885
-0.08340846062914692,-0.1029424529836363, 1.0159335479565568
-0.08366142900784937,-0.10168500280596958, 1.0170175663188135
-0.08399503487647994,-0.10006209733093308, 1.0180759038753506
-0.0843955164781391,-0.09759856604983526, 1.0190777690084623
-0.0845628070810635,-0.096502120452803, 1.0200201930761958
-0.0851052844139116,-0.09289023143155825, 1.0209128483835517
-0.08517469956483349,-0.09227281893605434, 1.0217710786841105
-0.08536879921369567,-0.08990383408592473, 1.022614368620741
-0.08546897532242163,-0.08819312419500522, 1.0234728085002962
-0.08553932493352702,-0.0860922257415658, 1.0243651801425415
-0.08555672246580281,-0.0837061105211574, 1.0253097180329986
-0.08552013455416177,-0.08226453770324331, 1.0263178213460664
-0.08540857365825243,-0.08014074133454913, 1.0273679295085862
-0.08521216973488514,-0.07759116651755421, 1.028454193431448
-0.08510969784364418,-0.0766946204434897, 1.029538845438606
-0.08465451212869209,-0.07344241027224642, 1.030579441988903
-0.08439285532036798,-0.07185418176482875, 1.0315647122651717
-0.08410486079232747,-0.0704058292044378, 1.0324909119295373
-0.08372139917084082,-0.068120427640709, 1.0333705272458387
-0.0834011522990997,-0.06636119966687334, 1.0342211505524448
-0.08327925780234702,-0.06589850457607996, 1.0350676581517146
-0.08222245598545866,-0.06215460661848832, 1.035933986167318
-0.08176772537532985,-0.060458982527332984, 1.0368387940584491
-0.08154375819067332,-0.05965116846435922, 1.037805827561437
-0.08015973099681656,-0.05547092196499791, 1.0388282337301868
-0.08015464550362704,-0.05545691035118905, 1.0398974668146665
-0.07970738944791832,-0.05429614316789239, 1.040983519682156
-0.07835185245926063,-0.0508550579574923, 1.0420588804991038
-0.07766580403667632,-0.049120242505362635, 1.0430924402057449
-0.07712304607157845,-0.04794865301298484, 1.0440663461379398
-0.0760295969286657,-0.04586241828781518, 1.044981437288114
-0.07517308613291815,-0.04422406960109037, 1.0458536362333517
-0.07432634504191538,-0.04266198922944918, 1.0467053184609545
-0.0734080606235999,-0.04114638849988078, 1.0475543269947973
-0.072821665365763,-0.040198478771575966, 1.0484260553660745
-0.07066784859441787,-0.03671499685220171, 1.0493397457702118
-0.06999663682039643,-0.035755462086287416, 1.050310130741263
-0.06855922868422366,-0.033908375683614864, 1.0513490784260935
-0.06730007221442873,-0.03220451837916202, 1.0524229081692944
-0.06677268406167382,-0.031498682704126486, 1.0535107015941334
-0.06530255705888927,-0.029694247768488377, 1.0545791749905822
-0.06400421676049028,-0.028126970063596813, 1.0555996923262678
-0.06237399890488372,-0.026393225013326353, 1.056563096973466
-0.060469771452535716,-0.024445013169299416, 1.0574728671249092
-0.059902276249825,-0.023827391158810433, 1.05834191509011
-0.05848444627657064,-0.022379078831405302, 1.0591881616236243
-0.05804137003661483,-0.021950695809067874, 1.0600434413596194
-0.0572893972093376,-0.021281824535311022, 1.0609201917310005
-0.05435349946748665,-0.018805718173631997, 1.0618460165665622
-0.05299719156644171,-0.017667057334338154, 1.0628330236237045
-0.052010180913382664,-0.0168796160161829, 1.0638703779679817
-0.050227562457399164,-0.015578464961515924, 1.064949191369537
-0.04737132807369058,-0.01366081327720164, 1.0660358188026167
-0.046735842844193486,-0.013234089218070939, 1.0670973358915312
-0.04468245716575941,-0.011868199475650456, 1.068109672508244
-0.04355642132689218,-0.011150013338129846, 1.0690645315743321
-0.04116978368138448,-0.009762687754900565, 1.0699608533428882
-0.03947061643178943,-0.008858428546693015, 1.0708219958915237
-0.037629975717491486,-0.007934757705055525, 1.0716719634553138
-0.034662911164282634,-0.00662201991595133, 1.0725225630414827
-0.03242918057515001,-0.005633617650441088, 1.073411839359353
-0.031576182894099955,-0.005254833079426481, 1.0743472479820573
-0.029566380059884934,-0.004433822733105107, 1.0753436448853206
-0.028120856947757428,-0.0039028859013822787, 1.076392268287379
-0.02680567907634261,-0.003490033872877394, 1.0774732391680633
-0.025252722291339107,-0.0029907103077019114, 1.0785565317441361
-0.023347707172284706,-0.002429036914668002, 1.0796132922451547
-0.019773906622653197,-0.0015017258991998632, 1.0806162687698178
-0.019790425198341486,-0.0015059061706403627, 1.0815590969345945
-0.01772593680711923,-0.0010334898678919927, 1.0824486105969564
-0.01553301295147344,-0.0005614199881437947, 1.083307090399898
-0.013712608524859768,-0.00020085817592715744, 1.084154274549398
-0.012590455744638544,-9.818523605007639e-06, 1.0850150051781426
-0.009962963518724137,0.00033890801330016453, 1.085905527726792
-0.00800876738506366,0.0005414429905547791, 1.0868504851162746
-0.005228401308484466,0.0007576072132507312, 1.0878552944366904
-0.003993675907167447,0.0008010675479665898, 1.0889104077248777
-0.0024527534433122925,0.0008134896693542797, 1.0899968524024521
-0.0004933740992137136,0.0008209909190201114, 1.091074379211967
0.0013168895768485606,0.0007985987567439775, 1.0921159932920392
0.005298353658199379,0.0006720743516548002, 1.0930970845726804
0.0073311085866483786,0.0005977502471723791, 1.0940221547763138
0.009062386113105864,0.0004738250538766806, 1.0949042841903276
0.009809149063553069,0.00039278124214052777, 1.0957581587614984
0.012535229416060818,6.297839305523082e-05, 1.0966065846222595
0.014032540404266054,-0.00014144456101226953, 1.0974730269790904
0.01591706203028425,-0.0004569815167577663, 1.098378991571043
0.018034608529079777,-0.0009151668260623782, 1.0993407862303617
0.018796163248730863,-0.001103818009676958, 1.100367308309404
0.022473134380867857,-0.002057032134218383, 1.1014363813928196
0.02425574820763608,-0.0025872426762299484, 1.1025224000640306
0.024503213274057786,-0.0026720494874577375, 1.1035963429959994
0.028660604076882756,-0.004126098339047829, 1.1046284947801976
0.028635941942624112,-0.004117531687751708, 1.1056018203107667
0.03151898966097143,-0.005184417443456035, 1.1065196272044415
0.032770271195613834,-0.005711378140270587, 1.1073906226084584
0.03643843117850983,-0.007356719350015918, 1.1082391109663325
0.03685589339873488,-0.007547011632234745, 1.1090883259606212
0.03709437836762,-0.007665216885744228, 1.1099595502042583
0.04130636794815335,-0.009824502997821092, 1.1108713762797857
0.041620850862936154,-0.009982152721665697, 1.1118435556370554
0.04348662971324702,-0.01099225865576538, 1.1128770140256754
0.04519383249072641,-0.012029061590499131, 1.1139520178657836
0.04737918172726968,-0.013475080205521843, 1.115036897932284
0.04817216693983151,-0.013998764995703274, 1.116101433371626
0.04918279137782647,-0.014681099403547402, 1.1171153224197734
0.05341975277712771,-0.017740838051130737, 1.1180664458570493
0.053592139358153254,-0.017876966659517372, 1.1189658664775082
0.05398358239324748,-0.01822225548007223, 1.11982905323593
0.056148175030158565,-0.020239703270193452, 1.120676740798952
0.0574604077710906,-0.0214980050791377, 1.1215264899817734
0.05877035555053208,-0.022731055001064867, 1.1224110308441706
0.06071084145035768,-0.024593137849156912, 1.1233435595508514
0.06168763837140062,-0.025638812951205764, 1.1243374617143735
0.06379176222529061,-0.02785062142714884, 1.1253861842119934
0.06362450921114383,-0.027673990997398933, 1.1264694011818455
0.06678161278484486,-0.03138817725501754, 1.1275596569905402
0.06612391237891939,-0.030584198815796715, 1.1286165064525353
0.0676280838641733,-0.032507459721065224, 1.1296216062871482
0.06957061948784857,-0.0352498523385021, 1.1305663253934686
0.07091067403569706,-0.03727881827273115, 1.131459282876417
0.07193833166647452,-0.03886973469762376, 1.132316164260308
0.07230699385040978,-0.03945343918175184, 1.1331635744300514
0.07339407008376755,-0.04119346089127383, 1.134020214803794
0.07472457878918137,-0.043436731301598946, 1.1349136588433386
0.07593486304179672,-0.045566569797327865, 1.1358576953758204
0.07680152575040664,-0.047201855892053605, 1.136860693449141
0.07749434133860021,-0.04869678480773617, 1.1379180994897549
0.07822754735832997,-0.050420028679370815, 1.139004053598686
0.078557178327185,-0.05123865263082913, 1.1400793036967256
0.07949911166593492,-0.053719755426159914, 1.141120066139939
0.08036173728218021,-0.056259051900798274, 1.1421047891056766
0.0810158470168775,-0.058322092348562504, 1.14302948703176
0.08143929556968424,-0.05964244606949999, 1.1439086881731184
0.08182271054985055,-0.060895784501441744, 1.144762399176006
0.08209074828982185,-0.061844255125342355, 1.1456086322802592
0.08287826091126321,-0.0650842089976887, 1.146476212888967
0.08311872250230287,-0.06614925703061848, 1.1473838517200992
0.08385470158063925,-0.06960358113896242, 1.1483478779710308
0.08409284678212695,-0.07070792335967797, 1.1493727136569896
0.0844291298301674,-0.07248266434683143, 1.1504386822791137
0.08493353298965715,-0.07649511674403753, 1.1515247201660008
0.08494829621932391,-0.07666613825387908, 1.1525910010882925
0.08506318918826383,-0.07820058116135534, 1.153623466875718
0.08535004879847675,-0.08208014910069426, 1.154594046595475
0.08532995249837247,-0.08159019992651358, 1.1555099257059507
0.08539640415041805,-0.0849626340859114, 1.1563814402825008
0.08538107569055185,-0.08688625453670876, 1.157232716437688
0.08530847986570224,-0.08857426024279152, 1.158079426297711
0.08518926658010328,-0.09132827226624958, 1.1589489679821894
0.08512252788859345,-0.09228905439340358, 1.159866858043824
0.08485474360386613,-0.0945069643543173, 1.1608438694284264
0.08447826640182446,-0.09757755010650868, 1.1618736293919572
0.08438287228038022,-0.09828168107578275, 1.162950495341855
0.08400964649271991,-0.10059418260964506, 1.1640367977083264
0.08377562671425096,-0.1018210199277879, 1.1650969693034017
0.0836312741043329,-0.10246106504565877, 1.1661084552701817
0.08269960617438159,-0.10636656945560516, 1.1670633283203729
0.08253574835056046,-0.10702053380333747, 1.1679659285494253
0.08170245250062878,-0.11024988402102313, 1.168830586268317
0.08111485036649922,-0.11240616469088141, 1.1696778994334938
0.07989223701404911,-0.1161758432107563, 1.1705322868910677
0.07962309183152406,-0.11686817502803999, 1.171419846200633
0.0790040281720621,-0.11841809373548123, 1.1723498598266393
0.07880007373295009,-0.11890197394517463, 1.1733419728176795
0.07812126628446983,-0.12037703464855927, 1.1743879652454425
0.0768672540181725,-0.12310199450826, 1.1754662780901017
0.07665850521738551,-0.12351811144868381, 1.17655067364727
0.07519825577019612,-0.12611519644452876, 1.1776054624125565
0.07443971369329488,-0.12744679936507897, 1.1786058318433736
0.07358100839296364,-0.12890973924498184, 1.179550134007058
0.0722484960862228,-0.13106381175334494, 1.1804414308241882
0.0710260681152167,-0.13295201536271303, 1.1813025659370844
0.06970767836866047,-0.13484032405057952, 1.1821467784741797
0.069067840282925,-0.13572177264580812, 1.183006294695762
0.06823683124460564,-0.13686895020324877, 1.1838970551974712
0.06581378450255765,-0.13991163945808516, 1.1848381638330074
0.0641792173110412,-0.14177817469714846, 1.1858427990877645
0.06440783682640426,-0.14151668586610025, 1.1868941587237185
0.06333833393470162,-0.14272688385048807, 1.187976249062969
0.06116546898716672,-0.1450838049395907, 1.1890575157136276
0.05995439483239466,-0.14629505751606375, 1.190103073852163
0.05851352468279963,-0.1475973271885738, 1.1910958308471984
0.05710275651289935,-0.14888073996532836, 1.1920303399731071
0.056104213756936895,-0.14980888175851065, 1.1929152805329915
0.0542927544031438,-0.15131061477418273, 1.1937724875127635
0.05223894024580172,-0.15286655279237152, 1.19462250078719
0.050788612449447094,-0.15391017701561352, 1.1954854322208694
0.049232324957547424,-0.1550570056773554, 1.1963854630537876
0.046929962557249995,-0.15667065788782114, 1.1973397338657628
0.04697647688152721,-0.15664144630185145, 1.1983534849021265
0.04368633955608785,-0.15872964700032505, 1.1994101071388799
0.04157223772413823,-0.1600086312327036, 1.200498646880246
0.04018274817342993,-0.16078029742196723, 1.2015760149756898
0.03936852456209501,-0.16120199776489258, 1.2026161460855436
0.03677611176790617,-0.16250779731419046, 1.2036025215570487
0.035000463608469645,-0.1634637074294327, 1.2045272412043482
0.03472741116084705,-0.16359852817641524, 1.2054040886829784
0.03302784071460403,-0.16425501485135058, 1.206252602085269
0.030064079096971733,-0.1653575933187085, 1.2070988166677734
0.02817705977754063,-0.16604230236640966, 1.2079656141161614
0.02621695775826604,-0.1666695239161494, 1.208877411050202
0.02456066532840768,-0.16715428150434095, 1.2098413815521287
0.02336963183266609,-0.16750433438886236, 1.2108638826869966
0.020661632751917,-0.16826378726486393, 1.211937201433492
0.018769355323786818,-0.16871685602853578, 1.2130258032244912
0.017172591719110966,-0.1690443885645708, 1.2140965157394805
0.014567830846885794,-0.16954619284306366, 1.2151270161062122
0.015473145616606301,-0.1693942925459247, 1.2160995411551114
0.010694306738345457,-0.1700539427094009, 1.2170163294956902
0.008272864858903769,-0.17037117403750207, 1.2178861445969842
0.007138725770952836,-0.17049741788396813, 1.2187354085228708
0.006304532506765445,-0.170560679481046, 1.219581225164277
0.0033877003227733666,-0.1706726883163023, 1.2204563794372323
-0.00024879624807237896,-0.17068386072530667, 1.2213766083769502
-0.00032344360289421196,-0.17068161884359448, 1.222348447273598
-0.0028434486528155873,-0.1705940966200377, 1.2233816844983825
-0.006300373850858631,-0.1703971558696765, 1.2244511388799684
-0.005983228765688372,-0.17042624247164093, 1.2255328762240976
-0.008706939550489097,-0.17006993647599736, 1.2265934660990139
-0.010939463382633468,-0.16975735453981505, 1.227605642238492
-0.012758817739434289,-0.16953815305602213, 1.2285625082053286
-0.014798604678019328,-0.16919766066073633, 1.2294611030319302
-0.016549929315535283,-0.16885036668451447, 1.230327227137638
-0.018113318356605096,-0.16852584055007802, 1.231175673180129
-0.019231506388146215,-0.1682485352623507, 1.2320333516937245
-0.022212827997520574,-0.16749655445225223, 1.2329165596196308
-0.023423526274383093,-0.1671886700964731, 1.23384895571114
-0.02579781557658893,-0.16649345700332308, 1.2348462238377786
-0.028569530456259845,-0.16545780799014964, 1.235896925231649
-0.03003542056081767,-0.16483984708914462, 1.2369783007891004
-0.030257292228204957,-0.16475014903700447, 1.2380617399282527
-0.03324207969953725,-0.1635938868090132, 1.239118001342981
-0.03683371367808597,-0.1620671190928162, 1.2401169188722294
-0.036482313792078135,-0.16223517736984314, 1.241059255234092
-0.040324751182641214,-0.16033884794491074, 1.2419480706050647
-0.0407594382592804,-0.16010735435140117, 1.242805399669167
-0.04276784080202465,-0.1589697015770808, 1.2436548907041676
-0.04470442304418976,-0.1578497638580301, 1.2445155605842522
-0.04666705619186785,-0.15671224618035628, 1.2454074106773054
-0.04792078122212943,-0.15593986686465888, 1.24634895563681
-0.049044975109975915,-0.15514444684527734, 1.247350085257328
-0.05042023906036725,-0.15409094967986697, 1.2484047215132201
-0.05174848632451124,-0.15304828868754894, 1.2494882802947056
-0.054126660981622755,-0.15113830085146263, 1.250570855542115
-0.05506080048903328,-0.15035907957386047, 1.2516180382516897
-0.0561219838730359,-0.1493938013570774, 1.2526086934678549
-0.05812038465188013,-0.1474586440976784, 1.253542702247292
-0.059025058492335254,-0.14655532834970697, 1.2544254078442216
-0.061495605258874625,-0.14399360356688887, 1.2552794993022447
-0.062153975923847825,-0.14325996935546317, 1.2561260021958587
-0.06257952448886799,-0.14277144083155127, 1.2569928622340083
-0.0641244529434642,-0.14102521905895593, 1.2578933468135172
-0.06623440073203375,-0.138591282358678, 1.258851125711256
-0.06761988897556631,-0.13691694484064226, 1.259862610267653
-0.06822991478085637,-0.1361191151421936, 1.260923958073956
-0.06890657907118015,-0.13519537373349264, 1.2620157208732539
-0.0707171921515714,-0.13273697217881666, 1.263096472514003
-0.07158476445852582,-0.13147207664806776, 1.2641418544490854
-0.07284990207565567,-0.1294395012192715, 1.2651221382292306
-0.07359683615277396,-0.12818575808038446, 1.2660463161790794
-0.07521251685856922,-0.12527188651308516, 1.2669210326782578
-0.07575559474915543,-0.12419277084155865, 1.2677750698047834
-0.07678510134466127,-0.12205231595304836, 1.268622235742971
-0.07696310321920792,-0.12170317235057186, 1.269494729790421
-0.07793721198936537,-0.11970317787933124, 1.2704030117908864
-0.07952057625035724,-0.11590649007955418, 1.2713689979026046
-0.0799866725782453,-0.11465762301672625, 1.2723922797115732
-0.08058783439704405,-0.113021231621606, 1.273462500903494
-0.0810283979108652,-0.11179623300799156, 1.2745525627698802
-0.08175080288401544,-0.10956220633459036, 1.275627283253169
-0.08257213958855025,-0.10670309598167829, 1.2766609297696774
-0.08269164909379213,-0.10627872958553497, 1.277636015844541
-0.08306087475640582,-0.10486130562699415, 1.278547830532907
-0.08352572225580286,-0.10242943618382203, 1.2794185825505986
-0.08381558748726596,-0.10043849947565424, 1.2802676399575263
-0.08447697212868949,-0.0958404351195812, 1.281117873001609
-0.08433836962239434,-0.09673194485905726, 1.2819898321052692
-0.08449819956089685,-0.09572123583955905, 1.2829066922564303
-0.08478479259075095,-0.09352485243575816, 1.2838840392091473
-0.0849347360119691,-0.0908889710280277, 1.2849174337495235
-0.08494096235918434,-0.0882853548490301, 1.2859909671910752
-0.08499594514925107,-0.0854882869725369, 1.2870781746531732
-0.08503560502114466,-0.08280972513332395, 1.2881427060542345
-0.0850224144165165,-0.08204896907200636, 1.289157050076149
-0.08493613336945131,-0.08041270912642226, 1.2901111085532047
-0.08481656096445137,-0.07901874383639776, 1.2910091006875228
-0.08461442521464058,-0.0768816974813243, 1.2918689581777594
-0.08426220883760009,-0.0736994469691989, 1.2927196134501657
-0.08423424428696001,-0.07346263372429569, 1.2935749332879471
-0.08391547451723667,-0.07128752503832106, 1.2944589436290326
-0.0835003498762256,-0.06890050128302905, 1.2953937224596834
-0.0832456783873731,-0.06755879201619581, 1.2963868224250572
-0.08272332317967046,-0.06514242616466172, 1.2974389173860679
-0.08239891776104163,-0.06379684439448778, 1.298518240255175
-0.0814673479836108,-0.06022789741602698, 1.2996031742535197
-0.08105454467949698,-0.05880522438767472, 1.3006593018415467
-0.080748911014173,-0.05786489913157354, 1.301663602609249
-0.08036548077320918,-0.05681556043918654, 1.3026032968714891
-0.07894695066670603,-0.05329950365165532, 1.3034926252140107
-0.07851701365110846,-0.05232149550810372, 1.3043503151855378
-0.07746988015498385,-0.05009656704450852, 1.3051945554206072
-0.0764311557413952,-0.04793872924171246, 1.3060501872538683
-0.07612933945717276,-0.047333191989978374, 1.306946931429481
-0.07508531213668011,-0.04528681318497317, 1.307888766644055
-0.07402689004097561,-0.04336546806197011, 1.3088916566884814
-0.07221862332694284,-0.040382307168603894, 1.3099473612871166
-0.07201772237076232,-0.04003666846990048, 1.3110319578255998
-0.07107503597278611,-0.03846944786286638, 1.3121113194293923
-0.06969117504962508,-0.036497382750333124, 1.3131494365316156
-0.06851671369222845,-0.034924760697606964, 1.3141346464845782
-0.06689428018974708,-0.03279805997820786, 1.3150589270773843
-0.06603278793772806,-0.03171896300699414, 1.315940528450356
-0.06453647211315929,-0.02989054947316211, 1.3167919951751321
-0.06425947023085203,-0.029562538795488324, 1.3176420870555414
-0.062478740841908596,-0.02746249111235119, 1.3185073191122823
-0.06146339759451559,-0.026363170624847818, 1.3194173803126363
-0.05933156562803148,-0.02429668793667926, 1.3203836081074154
-0.0583968009706422,-0.023438691742543896, 1.321406370602416
-0.057057792306957685,-0.0222486279070188, 1.3224791127600386
-0.055027466081594645,-0.020490697816391217, 1.3235701679264935
-0.05403485803466182,-0.019670114434166403, 1.3246419902676754
-0.05203460083674351,-0.018123952920032826, 1.3256776973943527
